0.729234
0.729251
0.729280
0.729333
0.729425
0.729588
0.729874
0.730377
0.731260
0.732807
0.735511
0.740207
0.748283
0.761938
0.784368
0.819515
0.870672
0.937622
1.014026
1.088869
1.152246
1.199824
1.232508
1.253648
1.266801
1.274792
1.279576
1.282416
1.284092
1.285079
1.285659
1.286000
1.286200
1.286317
1.286385
1.286426
1.286449
1.286463
1.286471
1.286476
1.286479
1.286480
1.286481
1.286481
1.286480
1.286479
1.286476
1.286471
1.286463
1.286450
1.286426
1.286387
1.286319
1.286203
1.286006
1.285669
1.285096
1.284121
1.282465
1.279659
1.274932
1.267034
1.254027
1.233110
1.200732
1.153521
1.090484
1.015809
0.939309
0.872046
0.820503
0.785018
0.762341
0.748524
0.740348
0.735592
0.732854
0.731286
0.730392
0.729883
0.729593
0.729428
0.729334
0.729281
0.729251
0.729234
0.729224
0.729219
0.729215
0.729214
0.729213
0.729212
0.729212
0.729212
0.729212
0.729212
0.729213
0.729214
0.729215
0.729218
0.729224
