0.729298
0.729315
0.729345
0.729397
0.729490
0.729653
0.729939
0.730442
0.731325
0.732873
0.735576
0.740269
0.748338
0.761973
0.784358
0.819415
0.870433
0.937236
1.013578
1.088482
1.151984
1.199679
1.232443
1.253631
1.266811
1.274816
1.279608
1.282452
1.284131
1.285119
1.285700
1.286041
1.286240
1.286358
1.286426
1.286467
1.286490
1.286504
1.286512
1.286517
1.286520
1.286521
1.286522
1.286522
1.286521
1.286520
1.286517
1.286512
1.286504
1.286491
1.286467
1.286428
1.286360
1.286244
1.286046
1.285710
1.285136
1.284160
1.282501
1.279691
1.274956
1.267044
1.254011
1.233046
1.200589
1.153263
1.090099
1.015361
0.938921
0.871803
0.820400
0.785006
0.762375
0.748578
0.740410
0.735657
0.732920
0.731352
0.730457
0.729948
0.729658
0.729493
0.729399
0.729346
0.729315
0.729298
0.729288
0.729283
0.729280
0.729278
0.729277
0.729276
0.729276
0.729276
0.729276
0.729276
0.729277
0.729278
0.729280
0.729283
0.729288
