0.813131 0.429731 0.280000 1.730000
0.139259 2.074637 0.280000 1.730000
0.833907 0.427856 0.280000 1.740000
0.139290 2.074715 0.280000 1.740000
0.857839 0.425836 0.280000 1.750000
0.139311 2.074781 0.280000 1.750000
0.821080 0.428630 0.290000 1.710000
0.139273 2.074670 0.290000 1.710000
0.842090 0.427249 0.290000 1.720000
0.139299 2.074740 0.290000 1.720000
0.865293 0.425062 0.290000 1.730000
0.139316 2.074797 0.290000 1.730000
0.892785 0.421656 0.290000 1.740000
0.139324 2.074831 0.290000 1.740000
0.829132 0.428170 0.300000 1.690000
0.139284 2.074699 0.300000 1.690000
0.849508 0.426621 0.300000 1.700000
0.139305 2.074761 0.300000 1.700000
0.872103 0.424297 0.300000 1.710000
0.139319 2.074809 0.300000 1.710000
0.900517 0.420551 0.300000 1.720000
0.139324 2.074834 0.300000 1.720000
0.818231 0.428773 0.310000 1.660000
0.139269 2.074660 0.310000 1.660000
0.836480 0.427673 0.310000 1.670000
0.139293 2.074723 0.310000 1.670000
0.856292 0.425988 0.310000 1.680000
0.139310 2.074777 0.310000 1.680000
0.878392 0.423544 0.310000 1.690000
0.139321 2.074818 0.310000 1.690000
1.222937 0.342341 0.310000 1.790000
0.139248 2.074707 0.310000 1.790000
1.248774 0.334903 0.310000 1.800000
0.139209 2.075275 0.310000 1.800000
0.825466 0.428389 0.320000 1.640000
0.139279 2.074686 0.320000 1.640000
0.843229 0.427157 0.320000 1.650000
0.139300 2.074743 0.320000 1.650000
0.862531 0.425357 0.320000 1.660000
0.139314 2.074791 0.320000 1.660000
0.884298 0.422796 0.320000 1.670000
0.139322 2.074824 0.320000 1.670000
1.220070 0.343165 0.320000 1.770000
0.139250 2.074660 0.320000 1.770000
1.236755 0.338365 0.320000 1.780000
0.139230 2.074983 0.320000 1.780000
0.815998 0.428872 0.330000 1.610000
0.139265 2.074651 0.330000 1.610000
0.832136 0.427978 0.330000 1.620000
0.139288 2.074709 0.330000 1.620000
0.849444 0.426627 0.330000 1.630000
0.139305 2.074760 0.330000 1.630000
0.868298 0.424731 0.330000 1.640000
0.139317 2.074802 0.330000 1.640000
0.889980 0.422041 0.330000 1.650000
0.139323 2.074829 0.330000 1.650000
1.219107 0.343443 0.330000 1.750000
0.139250 2.074649 0.330000 1.750000
1.228136 0.340848 0.330000 1.760000
0.139242 2.074803 0.330000 1.760000
0.822561 0.428551 0.340000 1.590000
0.139275 2.074676 0.340000 1.590000
0.838309 0.427539 0.340000 1.600000
0.139295 2.074729 0.340000 1.600000
0.855210 0.426094 0.340000 1.610000
0.139309 2.074775 0.340000 1.610000
0.873692 0.424111 0.340000 1.620000
0.139319 2.074811 0.340000 1.620000
0.895656 0.421252 0.340000 1.630000
0.139324 2.074832 0.340000 1.630000
-nan -nan 0.340000 1.730000
-nan -nan 0.340000 1.730000
1.243672 0.336373 0.340000 1.750000
0.139218 2.075145 0.340000 1.750000
0.814521 0.428989 0.350000 1.560000
0.139262 2.074644 0.350000 1.560000
0.828663 0.428199 0.350000 1.570000
0.139283 2.074697 0.350000 1.570000
0.844049 0.427090 0.350000 1.580000
0.139300 2.074746 0.350000 1.580000
0.860572 0.425560 0.350000 1.590000
0.139313 2.074787 0.350000 1.590000
0.878753 0.423499 0.350000 1.600000
0.139321 2.074818 0.350000 1.600000
0.901892 0.420348 0.350000 1.610000
0.139324 2.074834 0.350000 1.610000
1.220296 0.343100 0.350000 1.720000
0.139250 2.074663 0.350000 1.720000
1.234122 0.339124 0.350000 1.730000
0.139234 2.074925 0.350000 1.730000
0.820203 0.428677 0.360000 1.540000
0.139272 2.074667 0.360000 1.540000
0.834352 0.427825 0.360000 1.550000
0.139290 2.074716 0.360000 1.550000
0.849399 0.426631 0.360000 1.560000
0.139305 2.074760 0.360000 1.560000
0.865590 0.425030 0.360000 1.570000
0.139316 2.074797 0.360000 1.570000
0.883570 0.422890 0.360000 1.580000
0.139322 2.074824 0.360000 1.580000
1.219273 0.343395 0.360000 1.700000
0.139250 2.074650 0.360000 1.700000
1.227189 0.341119 0.360000 1.710000
0.139243 2.074785 0.360000 1.710000
1.249917 0.334573 0.360000 1.720000
0.139207 2.075305 0.360000 1.720000
0.813447 0.429717 0.370000 1.510000
0.139260 2.074639 0.370000 1.510000
0.825825 0.428369 0.370000 1.520000
0.139280 2.074687 0.370000 1.520000
0.839674 0.427436 0.370000 1.530000
0.139296 2.074733 0.370000 1.530000
0.854411 0.426170 0.370000 1.540000
0.139309 2.074773 0.370000 1.540000
0.870306 0.424504 0.370000 1.550000
0.139318 2.074806 0.370000 1.550000
0.888218 0.422279 0.370000 1.560000
0.139323 2.074828 0.370000 1.560000
1.218895 0.343505 0.370000 1.680000
0.139249 2.074649 0.370000 1.680000
1.222810 0.342377 0.370000 1.690000
0.139248 2.074705 0.370000 1.690000
1.240051 0.337420 0.370000 1.700000
0.139225 2.075058 0.370000 1.700000
0.818251 0.428772 0.380000 1.490000
0.139269 2.074660 0.380000 1.490000
0.831099 0.428046 0.380000 1.500000
0.139286 2.074705 0.380000 1.500000
0.844668 0.427038 0.380000 1.510000
0.139301 2.074747 0.380000 1.510000
0.859112 0.425708 0.380000 1.520000
0.139312 2.074784 0.380000 1.520000
0.874764 0.423984 0.380000 1.530000
0.139320 2.074813 0.380000 1.530000
0.892792 0.421654 0.380000 1.540000
0.139324 2.074831 0.380000 1.540000
1.220487 0.343045 0.380000 1.670000
0.139250 2.074666 0.380000 1.670000
1.232231 0.339668 0.380000 1.680000
0.139237 2.074885 0.380000 1.680000
0.823460 0.428502 0.390000 1.470000
0.139276 2.074679 0.390000 1.470000
0.836057 0.427704 0.390000 1.480000
0.139292 2.074722 0.390000 1.480000
0.849363 0.426634 0.390000 1.490000
0.139305 2.074760 0.390000 1.490000
0.863555 0.425249 0.390000 1.500000
0.139315 2.074793 0.390000 1.500000
0.879002 0.423468 0.390000 1.510000
0.139321 2.074818 0.390000 1.510000
0.897505 0.420988 0.390000 1.520000
0.139324 2.074833 0.390000 1.520000
1.219437 0.343348 0.390000 1.650000
0.139250 2.074652 0.390000 1.650000
1.226500 0.341316 0.390000 1.660000
0.139244 2.074772 0.390000 1.660000
1.245592 0.335821 0.390000 1.670000
0.139215 2.075193 0.390000 1.670000
0.816610 0.428845 0.400000 1.440000
0.139266 2.074654 0.400000 1.440000
0.828372 0.428217 0.400000 1.450000
0.139283 2.074696 0.400000 1.450000
0.840734 0.427356 0.400000 1.460000
0.139297 2.074736 0.400000 1.460000
0.853797 0.426228 0.400000 1.470000
0.139308 2.074771 0.400000 1.470000
0.867745 0.424793 0.400000 1.480000
0.139317 2.074801 0.400000 1.480000
0.883067 0.422955 0.400000 1.490000
0.139322 2.074823 0.400000 1.490000
0.902801 0.420213 0.400000 1.500000
0.139324 2.074834 0.400000 1.500000
1.218994 0.343476 0.400000 1.630000
0.139249 2.074649 0.400000 1.630000
1.222767 0.342390 0.400000 1.640000
0.139248 2.074704 0.400000 1.640000
1.237366 0.338189 0.400000 1.650000
0.139229 2.074996 0.400000 1.650000
0.821462 0.428610 0.410000 1.420000
0.139274 2.074672 0.410000 1.420000
0.833015 0.427917 0.410000 1.430000
0.139289 2.074712 0.410000 1.430000
0.845152 0.426998 0.410000 1.440000
0.139301 2.074749 0.410000 1.440000
0.857984 0.425821 0.410000 1.450000
0.139311 2.074781 0.410000 1.450000
0.871738 0.424340 0.410000 1.460000
0.139318 2.074808 0.410000 1.460000
0.886999 0.422441 0.410000 1.470000
0.139323 2.074827 0.410000 1.470000
0.910987 0.418959 0.410000 1.480000
0.139324 2.074834 0.410000 1.480000
1.220648 0.342999 0.410000 1.620000
0.139250 2.074669 0.410000 1.620000
1.230827 0.340071 0.410000 1.630000
0.139239 2.074857 0.410000 1.630000
1.250658 0.334359 0.410000 1.640000
0.139205 2.075326 0.410000 1.640000
0.815277 0.428956 0.420000 1.390000
0.139264 2.074648 0.420000 1.390000
0.826057 0.428355 0.420000 1.400000
0.139280 2.074688 0.420000 1.400000
0.837408 0.427606 0.420000 1.410000
0.139294 2.074726 0.420000 1.410000
0.849336 0.426636 0.420000 1.420000
0.139305 2.074760 0.420000 1.420000
0.861965 0.425416 0.420000 1.430000
0.139314 2.074790 0.420000 1.430000
0.875537 0.423891 0.420000 1.440000
0.139320 2.074814 0.420000 1.440000
0.890867 0.421920 0.420000 1.450000
0.139323 2.074830 0.420000 1.450000
1.219593 0.343302 0.420000 1.600000
0.139250 2.074654 0.420000 1.600000
1.225980 0.341465 0.420000 1.610000
0.139245 2.074762 0.420000 1.610000
1.242300 0.336768 0.420000 1.620000
0.139221 2.075111 0.420000 1.620000
0.819748 0.428699 0.430000 1.370000
0.139271 2.074665 0.430000 1.370000
0.830418 0.428090 0.430000 1.380000
0.139286 2.074703 0.430000 1.380000
0.841580 0.427289 0.430000 1.390000
0.139298 2.074738 0.430000 1.390000
0.853312 0.426274 0.430000 1.400000
0.139308 2.074770 0.430000 1.400000
0.865744 0.425013 0.430000 1.410000
0.139316 2.074797 0.430000 1.410000
0.879182 0.423446 0.430000 1.420000
0.139321 2.074819 0.430000 1.420000
0.894752 0.421380 0.430000 1.430000
0.139324 2.074832 0.430000 1.430000
1.219099 0.343445 0.430000 1.580000
0.139250 2.074649 0.430000 1.580000
1.222734 0.342399 0.430000 1.590000
0.139248 2.074704 0.430000 1.590000
1.235328 0.338776 0.430000 1.600000
0.139232 2.074951 0.430000 1.600000
0.814369 0.428995 0.440000 1.340000
0.139262 2.074644 0.440000 1.340000
0.824065 0.428469 0.440000 1.350000
0.139277 2.074681 0.440000 1.350000
0.834561 0.427810 0.440000 1.360000
0.139291 2.074717 0.440000 1.360000
0.845542 0.426965 0.440000 1.370000
0.139302 2.074750 0.440000 1.370000
0.857086 0.425910 0.440000 1.380000
0.139311 2.074779 0.440000 1.380000
0.869351 0.424613 0.440000 1.390000
0.139317 2.074804 0.440000 1.390000
0.882699 0.423002 0.440000 1.400000
0.139322 2.074823 0.440000 1.400000
0.898813 0.420799 0.440000 1.410000
0.139324 2.074833 0.440000 1.410000
1.218870 0.343512 0.440000 1.560000
0.139249 2.074649 0.440000 1.560000
1.220786 0.342959 0.440000 1.570000
0.139250 2.074671 0.440000 1.570000
1.229757 0.340379 0.440000 1.580000
0.139240 2.074835 0.440000 1.580000
1.246919 0.335442 0.440000 1.590000
0.139213 2.075226 0.440000 1.590000
0.818263 0.428772 0.450000 1.320000
0.139269 2.074660 0.450000 1.320000
0.828176 0.428229 0.450000 1.330000
0.139283 2.074695 0.450000 1.330000
0.838506 0.427524 0.450000 1.340000
0.139295 2.074729 0.450000 1.340000
0.849313 0.426638 0.450000 1.350000
0.139305 2.074760 0.450000 1.350000
0.860689 0.425548 0.450000 1.360000
0.139313 2.074787 0.450000 1.360000
0.872811 0.424215 0.450000 1.370000
0.139319 2.074810 0.450000 1.370000
0.886110 0.422559 0.450000 1.380000
0.139323 2.074826 0.450000 1.380000
0.903452 0.420116 0.450000 1.390000
0.139324 2.074834 0.450000 1.390000
1.219740 0.343260 0.450000 1.550000
0.139250 2.074655 0.450000 1.550000
1.225578 0.341581 0.450000 1.560000
0.139245 2.074755 0.450000 1.560000
1.239743 0.337509 0.450000 1.570000
0.139225 2.075050 0.450000 1.570000
0.813587 0.429711 0.460000 1.290000
0.139260 2.074639 0.460000 1.290000
0.822333 0.428563 0.460000 1.300000
0.139275 2.074675 0.460000 1.300000
0.832097 0.427980 0.460000 1.310000
0.139288 2.074709 0.460000 1.310000
0.842271 0.427234 0.460000 1.320000
0.139299 2.074740 0.460000 1.320000
0.852917 0.426311 0.460000 1.330000
0.139308 2.074769 0.460000 1.330000
0.864135 0.425187 0.460000 1.340000
0.139315 2.074794 0.460000 1.340000
0.876119 0.423821 0.460000 1.350000
0.139320 2.074815 0.460000 1.350000
0.889467 0.422111 0.460000 1.360000
0.139323 2.074829 0.460000 1.360000
0.910336 0.419062 0.460000 1.370000
0.139324 2.074834 0.460000 1.370000
1.219207 0.343414 0.460000 1.530000
0.139250 2.074650 0.460000 1.530000
1.222708 0.342407 0.460000 1.540000
0.139248 2.074703 0.460000 1.540000
1.233740 0.339237 0.460000 1.550000
0.139234 2.074917 0.460000 1.550000
1.251182 0.334208 0.460000 1.560000
0.139204 2.075340 0.460000 1.560000
0.816963 0.428829 0.470000 1.270000
0.139267 2.074655 0.470000 1.270000
0.826219 0.428346 0.470000 1.280000
0.139280 2.074689 0.470000 1.280000
0.835837 0.427720 0.470000 1.290000
0.139292 2.074721 0.470000 1.290000
0.845860 0.426938 0.470000 1.300000
0.139302 2.074751 0.470000 1.300000
0.856353 0.425982 0.470000 1.310000
0.139310 2.074778 0.470000 1.310000
0.867425 0.424828 0.470000 1.320000
0.139317 2.074801 0.470000 1.320000
0.879321 0.423429 0.470000 1.330000
0.139321 2.074819 0.470000 1.330000
0.892797 0.421654 0.470000 1.340000
0.139324 2.074831 0.470000 1.340000
1.218941 0.343491 0.470000 1.510000
0.139249 2.074649 0.470000 1.510000
1.220905 0.342925 0.470000 1.520000
0.139250 2.074673 0.470000 1.520000
1.228917 0.340622 0.470000 1.530000
0.139241 2.074818 0.470000 1.530000
1.243942 0.336295 0.470000 1.540000
0.139218 2.075151 0.470000 1.540000
0.820812 0.428644 0.480000 1.250000
0.139273 2.074669 0.480000 1.250000
0.829938 0.428121 0.480000 1.260000
0.139285 2.074702 0.480000 1.260000
0.839415 0.427456 0.480000 1.270000
0.139296 2.074732 0.480000 1.270000
0.849295 0.426640 0.480000 1.280000
0.139305 2.074760 0.480000 1.280000
0.859645 0.425654 0.480000 1.290000
0.139312 2.074785 0.480000 1.290000
0.870599 0.424471 0.480000 1.300000
0.139318 2.074806 0.480000 1.300000
0.882423 0.423038 0.480000 1.310000
0.139322 2.074822 0.480000 1.310000
0.896203 0.421175 0.480000 1.320000
0.139324 2.074833 0.480000 1.320000
1.219876 0.343221 0.480000 1.500000
0.139250 2.074657 0.480000 1.500000
1.225256 0.341674 0.480000 1.510000
0.139246 2.074749 0.480000 1.510000
1.237699 0.338093 0.480000 1.520000
0.139228 2.075004 0.480000 1.520000
0.815818 0.428879 0.490000 1.220000
0.139265 2.074651 0.490000 1.220000
0.824499 0.428444 0.490000 1.230000
0.139278 2.074683 0.490000 1.230000
0.833496 0.427884 0.490000 1.240000
0.139289 2.074713 0.490000 1.240000
0.842844 0.427188 0.490000 1.250000
0.139299 2.074742 0.490000 1.250000
0.852589 0.426342 0.490000 1.260000
0.139308 2.074768 0.490000 1.260000
0.862808 0.425328 0.490000 1.270000
0.139314 2.074792 0.490000 1.270000
0.873649 0.424116 0.490000 1.280000
0.139319 2.074811 0.490000 1.280000
0.885493 0.422640 0.490000 1.290000
0.139323 2.074826 0.490000 1.290000
0.899953 0.420633 0.490000 1.300000
0.139324 2.074834 0.490000 1.300000
1.219315 0.343382 0.490000 1.480000
0.139250 2.074650 0.490000 1.480000
1.222685 0.342413 0.490000 1.490000
0.139248 2.074703 0.490000 1.490000
1.232464 0.339601 0.490000 1.500000
0.139236 2.074890 0.490000 1.500000
1.247892 0.335157 0.490000 1.510000
0.139211 2.075252 0.490000 1.510000
0.819468 0.428713 0.500000 1.200000
0.139271 2.074664 0.500000 1.200000
0.828043 0.428237 0.500000 1.210000
0.139283 2.074695 0.500000 1.210000
0.836907 0.427642 0.500000 1.220000
0.139293 2.074724 0.500000 1.220000
0.846126 0.426915 0.500000 1.230000
0.139302 2.074751 0.500000 1.230000
0.855744 0.426042 0.500000 1.240000
0.139310 2.074776 0.500000 1.240000
0.865845 0.425002 0.500000 1.250000
0.139316 2.074798 0.500000 1.250000
0.876579 0.423766 0.500000 1.260000
0.139320 2.074815 0.500000 1.260000
0.888412 0.422253 0.500000 1.270000
0.139323 2.074828 0.500000 1.270000
0.903991 0.420035 0.500000 1.280000
0.139324 2.074834 0.500000 1.280000
1.219017 0.343469 0.500000 1.460000
0.139249 2.074649 0.500000 1.460000
1.221009 0.342895 0.500000 1.470000
0.139250 2.074675 0.500000 1.470000
1.228240 0.340818 0.500000 1.480000
0.139242 2.074805 0.500000 1.480000
1.241536 0.336988 0.500000 1.490000
0.139222 2.075093 0.500000 1.490000
0.814974 0.428969 0.510000 1.170000
0.139263 2.074647 0.510000 1.170000
0.822974 0.428529 0.510000 1.180000
0.139276 2.074677 0.510000 1.180000
0.831426 0.428025 0.510000 1.190000
0.139287 2.074706 0.510000 1.190000
0.840182 0.427397 0.510000 1.200000
0.139297 2.074734 0.510000 1.200000
0.849279 0.426641 0.510000 1.210000
0.139305 2.074760 0.510000 1.210000
0.858773 0.425742 0.510000 1.220000
0.139312 2.074783 0.510000 1.220000
0.868767 0.424679 0.510000 1.230000
0.139317 2.074803 0.510000 1.230000
0.879452 0.423413 0.510000 1.240000
0.139321 2.074819 0.510000 1.240000
0.891351 0.421854 0.510000 1.250000
0.139324 2.074830 0.510000 1.250000
0.909950 0.419122 0.510000 1.260000
0.139324 2.074834 0.510000 1.260000
1.218856 0.343516 0.510000 1.440000
0.139248 2.074650 0.510000 1.440000
1.220002 0.343184 0.510000 1.450000
0.139250 2.074659 0.510000 1.450000
1.224994 0.341749 0.510000 1.460000
0.139246 2.074744 0.510000 1.460000
1.236044 0.338570 0.510000 1.470000
0.139231 2.074967 0.510000 1.470000
0.818270 0.428772 0.520000 1.150000
0.139269 2.074660 0.520000 1.150000
0.826353 0.428338 0.520000 1.160000
0.139280 2.074689 0.520000 1.160000
0.834691 0.427801 0.520000 1.170000
0.139291 2.074717 0.520000 1.170000
0.843337 0.427148 0.520000 1.180000
0.139300 2.074744 0.520000 1.180000
0.852314 0.426367 0.520000 1.190000
0.139307 2.074768 0.520000 1.190000
0.861696 0.425444 0.520000 1.200000
0.139314 2.074789 0.520000 1.200000
0.871587 0.424357 0.520000 1.210000
0.139318 2.074808 0.520000 1.210000
0.882198 0.423066 0.520000 1.220000
0.139322 2.074822 0.520000 1.220000
0.894342 0.421438 0.520000 1.230000
0.139324 2.074832 0.520000 1.230000
1.219422 0.343352 0.520000 1.430000
0.139250 2.074652 0.520000 1.430000
1.222667 0.342418 0.520000 1.440000
0.139248 2.074702 0.520000 1.440000
1.231425 0.339899 0.520000 1.450000
0.139238 2.074869 0.520000 1.450000
1.245187 0.335937 0.520000 1.460000
0.139216 2.075182 0.520000 1.460000
0.814288 0.428999 0.530000 1.120000
0.139262 2.074643 0.530000 1.120000
0.821624 0.428601 0.530000 1.130000
0.139274 2.074672 0.530000 1.130000
0.829588 0.428143 0.530000 1.140000
0.139285 2.074700 0.530000 1.140000
0.837823 0.427575 0.530000 1.150000
0.139294 2.074727 0.530000 1.150000
0.846355 0.426896 0.530000 1.160000
0.139302 2.074752 0.530000 1.160000
0.855249 0.426090 0.530000 1.170000
0.139309 2.074775 0.530000 1.170000
0.864514 0.425146 0.530000 1.180000
0.139315 2.074795 0.530000 1.180000
0.874351 0.424033 0.530000 1.190000
0.139319 2.074812 0.530000 1.190000
0.884905 0.422717 0.530000 1.200000
0.139322 2.074825 0.530000 1.200000
0.897399 0.421004 0.530000 1.210000
0.139324 2.074833 0.530000 1.210000
1.219095 0.343446 0.530000 1.410000
0.139250 2.074649 0.530000 1.410000
1.221100 0.342869 0.530000 1.420000
0.139250 2.074676 0.530000 1.420000
1.227682 0.340977 0.530000 1.430000
0.139243 2.074794 0.530000 1.430000
1.239562 0.337561 0.530000 1.440000
0.139225 2.075046 0.530000 1.440000
0.817198 0.428819 0.540000 1.100000
0.139267 2.074656 0.540000 1.100000
0.824830 0.428426 0.540000 1.110000
0.139278 2.074684 0.540000 1.110000
0.832699 0.427939 0.540000 1.120000
0.139288 2.074711 0.540000 1.120000
0.840845 0.427347 0.540000 1.130000
0.139297 2.074736 0.540000 1.130000
0.849284 0.426641 0.540000 1.140000
0.139305 2.074760 0.540000 1.140000
0.858065 0.425813 0.540000 1.150000
0.139311 2.074781 0.540000 1.150000
0.867223 0.424851 0.540000 1.160000
0.139316 2.074800 0.540000 1.160000
0.876955 0.423720 0.540000 1.170000
0.139320 2.074816 0.540000 1.170000
0.887567 0.422366 0.540000 1.180000
0.139323 2.074827 0.540000 1.180000
0.900642 0.420532 0.540000 1.190000
0.139324 2.074834 0.540000 1.190000
1.218911 0.343500 0.540000 1.390000
0.139249 2.074649 0.540000 1.390000
1.220119 0.343151 0.540000 1.400000
0.139250 2.074661 0.540000 1.400000
1.224776 0.341812 0.540000 1.410000
0.139246 2.074740 0.540000 1.410000
1.234687 0.338961 0.540000 1.420000
0.139233 2.074937 0.540000 1.420000
1.248633 0.334943 0.540000 1.430000
0.139209 2.075271 0.540000 1.430000
0.813671 0.429025 0.550000 1.070000
0.139260 2.074640 0.550000 1.070000
0.820387 0.428667 0.550000 1.080000
0.139272 2.074668 0.550000 1.080000
0.827928 0.428244 0.550000 1.090000
0.139282 2.074695 0.550000 1.090000
0.835707 0.427729 0.550000 1.100000
0.139292 2.074720 0.550000 1.100000
0.843745 0.427115 0.550000 1.110000
0.139300 2.074745 0.550000 1.110000
0.852085 0.426388 0.550000 1.120000
0.139307 2.074767 0.550000 1.120000
0.860759 0.425541 0.550000 1.130000
0.139313 2.074787 0.550000 1.130000
0.869846 0.424557 0.550000 1.140000
0.139318 2.074805 0.550000 1.140000
0.879514 0.423405 0.550000 1.150000
0.139321 2.074819 0.550000 1.150000
0.890186 0.422013 0.550000 1.160000
0.139323 2.074829 0.550000 1.160000
0.904359 0.419979 0.550000 1.170000
0.139324 2.074834 0.550000 1.170000
1.219525 0.343322 0.550000 1.380000
0.139250 2.074653 0.550000 1.380000
1.222651 0.342423 0.550000 1.390000
0.139248 2.074702 0.550000 1.390000
1.230569 0.340146 0.550000 1.400000
0.139239 2.074851 0.550000 1.400000
1.242937 0.336584 0.550000 1.410000
0.139220 2.075127 0.550000 1.410000
0.816238 0.428861 0.560000 1.050000
0.139265 2.074652 0.560000 1.050000
0.823468 0.428502 0.560000 1.060000
0.139276 2.074679 0.560000 1.060000
0.830918 0.428058 0.560000 1.070000
0.139286 2.074705 0.560000 1.070000
0.838607 0.427517 0.560000 1.080000
0.139295 2.074729 0.560000 1.080000
0.846547 0.426879 0.560000 1.090000
0.139303 2.074753 0.560000 1.090000
0.854792 0.426134 0.560000 1.100000
0.139309 2.074774 0.560000 1.100000
0.863394 0.425266 0.560000 1.110000
0.139315 2.074793 0.560000 1.110000
0.872396 0.424263 0.560000 1.120000
0.139319 2.074809 0.560000 1.120000
0.882034 0.423087 0.560000 1.130000
0.139322 2.074822 0.560000 1.130000
0.892814 0.421651 0.560000 1.140000
0.139324 2.074831 0.560000 1.140000
0.909791 0.419147 0.560000 1.150000
0.139324 2.074834 0.560000 1.150000
1.219175 0.343423 0.560000 1.360000
0.139250 2.074649 0.560000 1.360000
1.221180 0.342846 0.560000 1.370000
0.139250 2.074677 0.560000 1.370000
1.227216 0.341111 0.560000 1.380000
0.139243 2.074785 0.560000 1.380000
1.237908 0.338033 0.560000 1.390000
0.139228 2.075009 0.560000 1.390000
0.813200 0.429728 0.570000 1.020000
0.139259 2.074637 0.570000 1.020000
0.819280 0.428723 0.570000 1.030000
0.139270 2.074664 0.570000 1.030000
0.826435 0.428333 0.570000 1.040000
0.139281 2.074689 0.570000 1.040000
0.833805 0.427863 0.570000 1.050000
0.139290 2.074714 0.570000 1.050000
0.841403 0.427303 0.570000 1.060000
0.139298 2.074738 0.570000 1.060000
0.849257 0.426643 0.570000 1.070000
0.139305 2.074760 0.570000 1.070000
0.857404 0.425879 0.570000 1.080000
0.139311 2.074780 0.570000 1.080000
0.865910 0.424995 0.570000 1.090000
0.139316 2.074798 0.570000 1.090000
0.874860 0.423973 0.570000 1.100000
0.139320 2.074813 0.570000 1.100000
0.884485 0.422772 0.570000 1.110000
0.139322 2.074825 0.570000 1.110000
0.895481 0.421277 0.570000 1.120000
0.139324 2.074832 0.570000 1.120000
1.218969 0.343483 0.570000 1.340000
0.139249 2.074649 0.570000 1.340000
1.220226 0.343120 0.570000 1.350000
0.139250 2.074662 0.570000 1.350000
1.224592 0.341865 0.570000 1.360000
0.139246 2.074736 0.570000 1.360000
1.233553 0.339291 0.570000 1.370000
0.139235 2.074913 0.570000 1.370000
1.246167 0.335659 0.570000 1.380000
0.139214 2.075207 0.570000 1.380000
0.815388 0.428900 0.580000 1.000000
0.139264 2.074649 0.580000 1.000000
0.822232 0.428569 0.580000 1.010000
0.139275 2.074674 0.580000 1.010000
0.829306 0.428160 0.580000 1.020000
0.139284 2.074699 0.580000 1.020000
0.836591 0.427665 0.580000 1.030000
0.139293 2.074723 0.580000 1.030000
0.844110 0.427085 0.580000 1.040000
0.139300 2.074746 0.580000 1.040000
0.851889 0.426406 0.580000 1.050000
0.139307 2.074767 0.580000 1.050000
0.859963 0.425622 0.580000 1.060000
0.139313 2.074786 0.580000 1.060000
0.868356 0.424725 0.580000 1.070000
0.139317 2.074802 0.580000 1.070000
0.877267 0.423682 0.580000 1.080000
0.139320 2.074816 0.580000 1.080000
0.886892 0.422456 0.580000 1.090000
0.139323 2.074827 0.580000 1.090000
0.898286 0.420876 0.580000 1.100000
0.139324 2.074833 0.580000 1.100000
#! 0.694807 0.456818 0.580000 1.120000
#! 0.133731 2.083372 0.580000 1.120000
1.222638 0.342427 0.580000 1.340000
0.139248 2.074702 0.580000 1.340000
1.229854 0.340351 0.580000 1.350000
0.139240 2.074837 0.580000 1.350000
1.241047 0.337129 0.580000 1.360000
0.139223 2.075081 0.580000 1.360000
0.818275 0.428771 0.590000 0.980000
0.139269 2.074660 0.590000 0.980000
0.825087 0.428411 0.590000 0.990000
0.139279 2.074685 0.590000 0.990000
0.832081 0.427981 0.590000 1.000000
0.139288 2.074709 0.590000 1.000000
0.839283 0.427466 0.590000 1.010000
0.139296 2.074732 0.590000 1.010000
0.846723 0.426864 0.590000 1.020000
0.139303 2.074753 0.590000 1.020000
0.854415 0.426170 0.590000 1.030000
0.139309 2.074773 0.590000 1.030000
0.862398 0.425371 0.590000 1.040000
0.139314 2.074791 0.590000 1.040000
0.870762 0.424452 0.590000 1.050000
0.139318 2.074806 0.590000 1.050000
0.879589 0.423395 0.590000 1.060000
0.139321 2.074819 0.590000 1.060000
0.889258 0.422139 0.590000 1.070000
0.139323 2.074829 0.590000 1.070000
0.901253 0.420442 0.590000 1.080000
0.139324 2.074834 0.590000 1.080000
1.221253 0.342825 0.590000 1.320000
0.139250 2.074679 0.590000 1.320000
1.226836 0.341220 0.590000 1.330000
0.139244 2.074778 0.590000 1.330000
1.236517 0.338434 0.590000 1.340000
0.139230 2.074977 0.590000 1.340000
1.249219 0.334774 0.590000 1.350000
0.139208 2.075287 0.590000 1.350000
0.814787 0.428977 0.600000 0.950000
0.139263 2.074646 0.600000 0.950000
0.821112 0.428628 0.600000 0.960000
0.139273 2.074670 0.600000 0.960000
0.827843 0.428249 0.600000 0.970000
0.139282 2.074694 0.600000 0.970000
0.834766 0.427796 0.600000 0.980000
0.139291 2.074717 0.600000 0.980000
0.841897 0.427264 0.600000 0.990000
0.139298 2.074739 0.600000 0.990000
0.849254 0.426644 0.600000 1.000000
0.139305 2.074760 0.600000 1.000000
0.856865 0.425932 0.600000 1.010000
0.139311 2.074779 0.600000 1.010000
0.864772 0.425118 0.600000 1.020000
0.139315 2.074796 0.600000 1.020000
0.873068 0.424185 0.600000 1.030000
0.139319 2.074810 0.600000 1.030000
0.881872 0.423108 0.600000 1.040000
0.139322 2.074822 0.600000 1.040000
0.891630 0.421815 0.600000 1.050000
0.139324 2.074830 0.600000 1.050000
0.904739 0.419922 0.600000 1.060000
0.139324 2.074834 0.600000 1.060000
1.220326 0.343091 0.600000 1.300000
0.139250 2.074664 0.600000 1.300000
1.224435 0.341910 0.600000 1.310000
0.139246 2.074734 0.600000 1.310000
1.232588 0.339565 0.600000 1.320000
0.139236 2.074893 0.600000 1.320000
1.244064 0.336260 0.600000 1.330000
0.139218 2.075154 0.600000 1.330000
0.817360 0.428812 0.610000 0.930000
0.139267 2.074656 0.610000 0.930000
0.823851 0.428481 0.610000 0.940000
0.139277 2.074680 0.610000 0.940000
0.830523 0.428083 0.610000 0.950000
0.139286 2.074703 0.610000 0.950000
0.837375 0.427608 0.610000 0.960000
0.139294 2.074726 0.610000 0.960000
0.844421 0.427059 0.610000 0.970000
0.139301 2.074747 0.610000 0.970000
0.851705 0.426423 0.610000 0.980000
0.139307 2.074766 0.610000 0.980000
0.859239 0.425695 0.610000 0.990000
0.139312 2.074784 0.610000 0.990000
0.867074 0.424867 0.610000 1.000000
0.139316 2.074800 0.610000 1.000000
0.875316 0.423918 0.610000 1.010000
0.139320 2.074814 0.610000 1.010000
0.884158 0.422814 0.610000 1.020000
0.139322 2.074824 0.610000 1.020000
0.894038 0.421481 0.610000 1.030000
0.139324 2.074832 0.610000 1.030000
0.909475 0.419196 0.610000 1.040000
0.139324 2.074834 0.610000 1.040000
1.219721 0.343265 0.610000 1.280000
0.139250 2.074655 0.610000 1.280000
1.222626 0.342430 0.610000 1.290000
0.139248 2.074702 0.610000 1.290000
1.229254 0.340524 0.610000 1.300000
0.139241 2.074825 0.610000 1.300000
1.239443 0.337595 0.610000 1.310000
0.139226 2.075043 0.610000 1.310000
0.814237 0.429001 0.620000 0.900000
0.139261 2.074643 0.620000 0.900000
0.820083 0.428683 0.620000 0.910000
0.139271 2.074667 0.620000 0.910000
0.826513 0.428328 0.620000 0.920000
0.139281 2.074690 0.620000 0.920000
0.833106 0.427911 0.620000 0.930000
0.139289 2.074712 0.620000 0.930000
0.839882 0.427420 0.620000 0.940000
0.139296 2.074733 0.620000 0.940000
0.846868 0.426852 0.620000 0.950000
0.139303 2.074753 0.620000 0.950000
0.854079 0.426202 0.620000 0.960000
0.139309 2.074772 0.620000 0.960000
0.861539 0.425460 0.620000 0.970000
0.139313 2.074789 0.620000 0.970000
0.869328 0.424616 0.620000 0.980000
0.139317 2.074804 0.620000 0.980000
0.877544 0.423648 0.620000 0.990000
0.139321 2.074817 0.620000 0.990000
0.886319 0.422531 0.620000 1.000000
0.139323 2.074826 0.620000 1.000000
0.896502 0.421132 0.620000 1.010000
0.139324 2.074833 0.620000 1.010000
1.219336 0.343377 0.620000 1.260000
0.139250 2.074651 0.620000 1.260000
1.221316 0.342807 0.620000 1.270000
0.139249 2.074680 0.620000 1.270000
1.226493 0.341318 0.620000 1.280000
0.139244 2.074772 0.620000 1.280000
1.235336 0.338774 0.620000 1.290000
0.139232 2.074951 0.620000 1.290000
1.246953 0.335432 0.620000 1.300000
0.139212 2.075227 0.620000 1.300000
0.816521 0.428849 0.630000 0.880000
0.139266 2.074653 0.630000 0.880000
0.822725 0.428542 0.630000 0.890000
0.139275 2.074676 0.630000 0.890000
0.829084 0.428173 0.630000 0.900000
0.139284 2.074699 0.630000 0.900000
0.835621 0.427735 0.630000 0.910000
0.139292 2.074720 0.630000 0.910000
0.842327 0.427230 0.630000 0.920000
0.139299 2.074741 0.630000 0.920000
0.849240 0.426645 0.630000 0.930000
0.139305 2.074760 0.630000 0.930000
0.856376 0.425980 0.630000 0.940000
0.139310 2.074778 0.630000 0.940000
0.863786 0.425224 0.630000 0.950000
0.139315 2.074794 0.630000 0.950000
0.871498 0.424367 0.630000 0.960000
0.139318 2.074808 0.630000 0.960000
0.879651 0.423388 0.630000 0.970000
0.139321 2.074819 0.630000 0.970000
0.888493 0.422242 0.630000 0.980000
0.139323 2.074828 0.630000 0.980000
0.899031 0.420768 0.630000 0.990000
0.139324 2.074833 0.630000 0.990000
1.219093 0.343447 0.630000 1.240000
0.139250 2.074649 0.630000 1.240000
1.220417 0.343065 0.630000 1.250000
0.139250 2.074665 0.630000 1.250000
1.224302 0.341948 0.630000 1.260000
0.139247 2.074731 0.630000 1.260000
1.231774 0.339799 0.630000 1.270000
0.139237 2.074876 0.630000 1.270000
1.242262 0.336779 0.630000 1.280000
0.139221 2.075110 0.630000 1.280000
0.813731 0.429022 0.640000 0.850000
0.139260 2.074640 0.640000 0.850000
0.819144 0.428729 0.640000 0.860000
0.139270 2.074663 0.640000 0.860000
0.825301 0.428399 0.640000 0.870000
0.139279 2.074685 0.640000 0.870000
0.831585 0.428014 0.640000 0.880000
0.139287 2.074707 0.640000 0.880000
0.838049 0.427558 0.640000 0.890000
0.139294 2.074728 0.640000 0.890000
0.844700 0.427036 0.640000 0.900000
0.139301 2.074747 0.640000 0.900000
0.851548 0.426438 0.640000 0.910000
0.139307 2.074766 0.640000 0.910000
0.858613 0.425758 0.640000 0.920000
0.139312 2.074783 0.640000 0.920000
0.865956 0.424990 0.640000 0.930000
0.139316 2.074798 0.640000 0.930000
0.873638 0.424118 0.640000 0.940000
0.139319 2.074811 0.640000 0.940000
0.881753 0.423123 0.640000 0.950000
0.139322 2.074822 0.640000 0.950000
0.890697 0.421943 0.640000 0.960000
0.139323 2.074830 0.640000 0.960000
0.901832 0.420357 0.640000 0.970000
0.139324 2.074834 0.640000 0.970000
-nan -nan 0.640000 0.990000
-nan -nan 0.640000 0.990000
1.219812 0.343239 0.640000 1.230000
0.139250 2.074656 0.640000 1.230000
1.222620 0.342432 0.640000 1.240000
0.139248 2.074702 0.640000 1.240000
1.228737 0.340673 0.640000 1.250000
0.139241 2.074815 0.640000 1.250000
1.238056 0.337991 0.640000 1.260000
0.139228 2.075012 0.640000 1.260000
1.249694 0.334637 0.640000 1.270000
0.139207 2.075299 0.640000 1.270000
0.815751 0.428882 0.650000 0.830000
0.139265 2.074650 0.650000 0.830000
0.821692 0.428597 0.650000 0.840000
0.139274 2.074673 0.650000 0.840000
0.827781 0.428253 0.650000 0.850000
0.139282 2.074694 0.650000 0.850000
0.834010 0.427848 0.650000 0.860000
0.139290 2.074715 0.650000 0.860000
0.840415 0.427379 0.650000 0.870000
0.139297 2.074735 0.650000 0.870000
0.847005 0.426840 0.650000 0.880000
0.139303 2.074754 0.650000 0.880000
0.853780 0.426230 0.650000 0.890000
0.139308 2.074771 0.650000 0.890000
0.860798 0.425537 0.650000 0.900000
0.139313 2.074787 0.650000 0.900000
0.868067 0.424757 0.650000 0.910000
0.139317 2.074802 0.650000 0.910000
0.875729 0.423868 0.650000 0.920000
0.139320 2.074814 0.650000 0.920000
0.883808 0.422860 0.650000 0.930000
0.139322 2.074824 0.650000 0.930000
0.892803 0.421653 0.650000 0.940000
0.139324 2.074831 0.650000 0.940000
0.904985 0.419885 0.650000 0.950000
0.139324 2.074834 0.650000 0.950000
1.219416 0.343353 0.650000 1.210000
0.139250 2.074651 0.650000 1.210000
1.221376 0.342789 0.650000 1.220000
0.139249 2.074681 0.650000 1.220000
1.226203 0.341402 0.650000 1.230000
0.139244 2.074766 0.650000 1.230000
1.234329 0.339064 0.650000 1.240000
0.139234 2.074929 0.650000 1.240000
1.245004 0.335989 0.650000 1.250000
0.139216 2.075178 0.650000 1.250000
0.813331 0.429723 0.660000 0.800000
0.139259 2.074638 0.660000 0.800000
0.818284 0.428771 0.660000 0.810000
0.139269 2.074660 0.660000 0.810000
0.824164 0.428463 0.660000 0.820000
0.139277 2.074681 0.660000 0.820000
0.830191 0.428105 0.660000 0.830000
0.139285 2.074702 0.660000 0.830000
0.836367 0.427682 0.660000 0.840000
0.139293 2.074723 0.660000 0.840000
0.842711 0.427199 0.660000 0.850000
0.139299 2.074742 0.660000 0.850000
0.849243 0.426645 0.660000 0.860000
0.139305 2.074760 0.660000 0.860000
0.855955 0.426021 0.660000 0.870000
0.139310 2.074777 0.660000 0.870000
0.862912 0.425317 0.660000 0.880000
0.139314 2.074792 0.660000 0.880000
0.870131 0.424524 0.660000 0.890000
0.139318 2.074805 0.660000 0.890000
0.877713 0.423627 0.660000 0.900000
0.139321 2.074817 0.660000 0.900000
0.885870 0.422591 0.660000 0.910000
0.139323 2.074826 0.660000 0.910000
0.894999 0.421345 0.660000 0.920000
0.139324 2.074832 0.660000 0.920000
0.909262 0.419229 0.660000 0.930000
0.139324 2.074834 0.660000 0.930000
1.219159 0.343428 0.660000 1.190000
0.139250 2.074649 0.660000 1.190000
1.220502 0.343041 0.660000 1.200000
0.139250 2.074667 0.660000 1.200000
1.224183 0.341983 0.660000 1.210000
0.139247 2.074729 0.660000 1.210000
1.231062 0.340004 0.660000 1.220000
0.139238 2.074861 0.660000 1.220000
1.240712 0.337226 0.660000 1.230000
0.139224 2.075073 0.660000 1.230000
0.815151 0.428961 0.670000 0.780000
0.139264 2.074648 0.670000 0.780000
0.820738 0.428647 0.670000 0.790000
0.139272 2.074669 0.670000 0.790000
0.826574 0.428325 0.670000 0.800000
0.139281 2.074690 0.670000 0.800000
0.832542 0.427950 0.670000 0.810000
0.139288 2.074710 0.670000 0.810000
0.838658 0.427513 0.670000 0.820000
0.139295 2.074730 0.670000 0.820000
0.844955 0.427014 0.670000 0.830000
0.139301 2.074748 0.670000 0.830000
0.851411 0.426450 0.670000 0.840000
0.139307 2.074765 0.670000 0.840000
0.858063 0.425813 0.670000 0.850000
0.139311 2.074781 0.670000 0.850000
0.864965 0.425098 0.670000 0.860000
0.139315 2.074796 0.670000 0.860000
0.872172 0.424289 0.670000 0.870000
0.139319 2.074809 0.670000 0.870000
0.879700 0.423382 0.670000 0.880000
0.139321 2.074819 0.670000 0.880000
0.887882 0.422324 0.670000 0.890000
0.139323 2.074828 0.670000 0.890000
0.897284 0.421020 0.670000 0.900000
0.139324 2.074833 0.670000 0.900000
1.218992 0.343476 0.670000 1.170000
0.139249 2.074649 0.670000 1.170000
1.219901 0.343214 0.670000 1.180000
0.139250 2.074658 0.670000 1.180000
1.222609 0.342435 0.670000 1.190000
0.139248 2.074701 0.670000 1.190000
1.228279 0.340806 0.670000 1.200000
0.139242 2.074806 0.670000 1.200000
1.236858 0.338336 0.670000 1.210000
0.139230 2.074985 0.670000 1.210000
1.247600 0.335242 0.670000 1.220000
0.139211 2.075244 0.670000 1.220000
0.817481 0.428806 0.680000 0.760000
0.139267 2.074657 0.680000 0.760000
0.823127 0.428520 0.680000 0.770000
0.139276 2.074678 0.680000 0.770000
0.828905 0.428184 0.680000 0.780000
0.139284 2.074698 0.680000 0.780000
0.834820 0.427792 0.680000 0.790000
0.139291 2.074718 0.680000 0.790000
0.840893 0.427343 0.680000 0.800000
0.139297 2.074736 0.680000 0.800000
0.847110 0.426831 0.680000 0.810000
0.139303 2.074754 0.680000 0.810000
0.853523 0.426254 0.680000 0.820000
0.139308 2.074771 0.680000 0.820000
0.860125 0.425606 0.680000 0.830000
0.139313 2.074786 0.680000 0.830000
0.866980 0.424878 0.680000 0.840000
0.139316 2.074800 0.680000 0.840000
0.874117 0.424061 0.680000 0.850000
0.139319 2.074812 0.680000 0.850000
0.881677 0.423133 0.680000 0.860000
0.139322 2.074822 0.680000 0.860000
0.889825 0.422062 0.680000 0.870000
0.139323 2.074829 0.680000 0.870000
0.899703 0.420670 0.680000 0.880000
0.139324 2.074834 0.680000 0.880000
1.218879 0.343509 0.680000 1.150000
0.139249 2.074649 0.680000 1.150000
1.219494 0.343331 0.680000 1.160000
0.139250 2.074652 0.680000 1.160000
1.221428 0.342774 0.680000 1.170000
0.139249 2.074681 0.680000 1.170000
1.225957 0.341472 0.680000 1.180000
0.139245 2.074762 0.680000 1.180000
1.233442 0.339323 0.680000 1.190000
0.139235 2.074910 0.680000 1.190000
1.243281 0.336485 0.680000 1.200000
0.139219 2.075135 0.680000 1.200000
0.814665 0.428983 0.690000 0.730000
0.139262 2.074645 0.690000 0.730000
0.819856 0.428694 0.690000 0.740000
0.139271 2.074666 0.690000 0.740000
0.825453 0.428390 0.690000 0.750000
0.139279 2.074686 0.690000 0.750000
0.831182 0.428041 0.690000 0.760000
0.139287 2.074706 0.690000 0.760000
0.837040 0.427633 0.690000 0.770000
0.139293 2.074725 0.690000 0.770000
0.843056 0.427171 0.690000 0.780000
0.139299 2.074743 0.690000 0.780000
0.849223 0.426646 0.690000 0.790000
0.139305 2.074760 0.690000 0.790000
0.855577 0.426058 0.690000 0.800000
0.139310 2.074776 0.690000 0.800000
0.862131 0.425399 0.690000 0.810000
0.139314 2.074790 0.690000 0.810000
0.868929 0.424661 0.690000 0.820000
0.139317 2.074803 0.690000 0.820000
0.876035 0.423832 0.690000 0.830000
0.139320 2.074815 0.690000 0.830000
0.883549 0.422893 0.690000 0.840000
0.139322 2.074824 0.690000 0.840000
0.891817 0.421789 0.690000 0.850000
0.139324 2.074830 0.690000 0.850000
0.902209 0.420301 0.690000 0.860000
0.139324 2.074834 0.690000 0.860000
1.219221 0.343410 0.690000 1.140000
0.139250 2.074650 0.690000 1.140000
1.220581 0.343018 0.690000 1.150000
0.139250 2.074668 0.690000 1.150000
1.224085 0.342011 0.690000 1.160000
0.139247 2.074727 0.690000 1.160000
1.230441 0.340182 0.690000 1.170000
0.139239 2.074849 0.690000 1.170000
1.239356 0.337620 0.690000 1.180000
0.139226 2.075041 0.690000 1.180000
1.250093 0.334522 0.690000 1.190000
0.139206 2.075310 0.690000 1.190000
0.827719 0.428256 0.700000 0.730000
0.139282 2.074694 0.700000 0.730000
0.833395 0.427891 0.700000 0.740000
0.139289 2.074713 0.700000 0.740000
0.839204 0.427472 0.700000 0.750000
0.139296 2.074731 0.700000 0.750000
0.845164 0.426997 0.700000 0.760000
0.139301 2.074749 0.700000 0.760000
0.851289 0.426461 0.700000 0.770000
0.139307 2.074765 0.700000 0.770000
0.857581 0.425861 0.700000 0.780000
0.139311 2.074780 0.700000 0.780000
0.864095 0.425191 0.700000 0.790000
0.139315 2.074794 0.700000 0.790000
0.870840 0.424443 0.700000 0.800000
0.139318 2.074807 0.700000 0.800000
0.877911 0.423603 0.700000 0.810000
0.139321 2.074817 0.700000 0.810000
0.885450 0.422646 0.700000 0.820000
0.139323 2.074826 0.700000 0.820000
0.893810 0.421513 0.700000 0.830000
0.139324 2.074832 0.700000 0.830000
0.905139 0.419862 0.700000 0.840000
0.139324 2.074834 0.700000 0.840000
1.219039 0.343463 0.700000 1.120000
0.139249 2.074649 0.700000 1.120000
1.219981 0.343190 0.700000 1.130000
0.139250 2.074659 0.700000 1.130000
1.222598 0.342438 0.700000 1.140000
0.139248 2.074701 0.700000 1.140000
1.227884 0.340920 0.700000 1.150000
0.139242 2.074798 0.700000 1.150000
1.235810 0.338637 0.700000 1.160000
0.139231 2.074962 0.700000 1.160000
1.245758 0.335774 0.700000 1.170000
0.139215 2.075197 0.700000 1.170000
0.841311 0.427310 0.710000 0.730000
0.139298 2.074738 0.710000 0.730000
0.847215 0.426822 0.710000 0.740000
0.139303 2.074754 0.710000 0.740000
0.853288 0.426276 0.710000 0.750000
0.139308 2.074770 0.710000 0.750000
0.859531 0.425666 0.710000 0.760000
0.139312 2.074785 0.710000 0.760000
0.866005 0.424985 0.710000 0.770000
0.139316 2.074798 0.710000 0.770000
0.872715 0.424226 0.710000 0.780000
0.139319 2.074810 0.710000 0.780000
0.879747 0.423376 0.710000 0.790000
0.139321 2.074819 0.710000 0.790000
0.887291 0.422403 0.710000 0.800000
0.139323 2.074827 0.710000 0.800000
0.895891 0.421219 0.710000 0.810000
0.139324 2.074832 0.710000 0.810000
0.909188 0.419240 0.710000 0.820000
0.139324 2.074834 0.710000 0.820000
1.218919 0.343498 0.710000 1.100000
0.139249 2.074649 0.710000 1.100000
1.219569 0.343310 0.710000 1.110000
0.139250 2.074653 0.710000 1.110000
1.221474 0.342761 0.710000 1.120000
0.139249 2.074682 0.710000 1.120000
1.225727 0.341538 0.710000 1.130000
0.139245 2.074757 0.710000 1.130000
1.232669 0.339543 0.710000 1.140000
0.139236 2.074894 0.710000 1.140000
1.241779 0.336918 0.710000 1.150000
0.139222 2.075099 0.710000 1.150000
0.855240 0.426091 0.720000 0.730000
0.139309 2.074775 0.720000 0.730000
0.861437 0.425471 0.720000 0.740000
0.139313 2.074789 0.720000 0.740000
0.867871 0.424779 0.720000 0.750000
0.139317 2.074801 0.720000 0.750000
0.874536 0.424011 0.720000 0.760000
0.139320 2.074812 0.720000 0.760000
0.881551 0.423149 0.720000 0.770000
0.139322 2.074822 0.720000 0.770000
0.889156 0.422153 0.720000 0.780000
0.139323 2.074829 0.720000 0.780000
0.897944 0.420925 0.720000 0.790000
0.139324 2.074833 0.720000 0.790000
1.218839 0.343521 0.720000 1.080000
0.139248 2.074650 0.720000 1.080000
1.219286 0.343391 0.720000 1.090000
0.139250 2.074650 0.720000 1.090000
1.220652 0.342997 0.720000 1.100000
0.139250 2.074669 0.720000 1.100000
1.223984 0.342040 0.720000 1.110000
0.139247 2.074725 0.720000 1.110000
1.229905 0.340337 0.720000 1.120000
0.139240 2.074838 0.720000 1.120000
1.238160 0.337961 0.720000 1.130000
0.139228 2.075014 0.720000 1.130000
1.248138 0.335086 0.720000 1.140000
0.139210 2.075258 0.720000 1.140000
0.863298 0.425276 0.730000 0.720000
0.139314 2.074793 0.730000 0.720000
0.869667 0.424577 0.730000 0.730000
0.139318 2.074805 0.730000 0.730000
0.876323 0.423797 0.730000 0.740000
0.139320 2.074815 0.730000 0.740000
0.883345 0.422919 0.730000 0.750000
0.139322 2.074823 0.730000 0.750000
0.890981 0.421904 0.730000 0.760000
0.139324 2.074830 0.730000 0.760000
0.900170 0.420602 0.730000 0.770000
0.139324 2.074834 0.730000 0.770000
1.219093 0.343447 0.730000 1.070000
0.139250 2.074649 0.730000 1.070000
1.220061 0.343168 0.730000 1.080000
0.139250 2.074660 0.730000 1.080000
1.222595 0.342439 0.730000 1.090000
0.139248 2.074701 0.730000 1.090000
1.227538 0.341018 0.730000 1.100000
0.139243 2.074791 0.730000 1.100000
1.234896 0.338901 0.730000 1.110000
0.139233 2.074942 0.730000 1.110000
1.244139 0.336238 0.730000 1.120000
0.139218 2.075156 0.730000 1.120000
0.871444 0.424374 0.740000 0.710000
0.139318 2.074808 0.740000 0.710000
0.878054 0.423586 0.740000 0.720000
0.139321 2.074817 0.740000 0.720000
0.885101 0.422692 0.740000 0.730000
0.139323 2.074825 0.740000 0.730000
0.892810 0.421652 0.740000 0.740000
0.139324 2.074831 0.740000 0.740000
0.902531 0.420253 0.740000 0.750000
0.139324 2.074834 0.740000 0.750000
1.218961 0.343485 0.740000 1.050000
0.139249 2.074649 0.740000 1.050000
1.219642 0.343289 0.740000 1.060000
0.139250 2.074654 0.740000 1.060000
1.221519 0.342748 0.740000 1.070000
0.139249 2.074683 0.740000 1.070000
1.225532 0.341594 0.740000 1.080000
0.139245 2.074754 0.740000 1.080000
1.231994 0.339736 0.740000 1.090000
0.139237 2.074880 0.740000 1.090000
1.240465 0.337298 0.740000 1.100000
0.139224 2.075067 0.740000 1.100000
1.250413 0.334430 0.740000 1.110000
0.139206 2.075319 0.740000 1.110000
0.886820 0.422465 0.750000 0.710000
0.139323 2.074827 0.750000 0.710000
0.894712 0.421386 0.750000 0.720000
0.139324 2.074832 0.750000 0.720000
0.905378 0.419825 0.750000 0.730000
0.139324 2.074834 0.750000 0.730000
1.218872 0.343511 0.750000 1.030000
0.139249 2.074649 0.750000 1.030000
1.219349 0.343373 0.750000 1.040000
0.139250 2.074651 0.750000 1.040000
1.220718 0.342979 0.750000 1.050000
0.139250 2.074670 0.750000 1.050000
1.223904 0.342063 0.750000 1.060000
0.139247 2.074724 0.750000 1.060000
1.229437 0.340471 0.750000 1.070000
0.139240 2.074828 0.750000 1.070000
1.237108 0.338264 0.750000 1.080000
0.139229 2.074991 0.750000 1.080000
1.246412 0.335588 0.750000 1.090000
0.139213 2.075213 0.750000 1.090000
0.908971 0.419274 0.760000 0.710000
0.139324 2.074834 0.760000 0.710000
1.219145 0.343432 0.760000 1.020000
0.139250 2.074649 0.760000 1.020000
1.220134 0.343147 0.760000 1.030000
0.139250 2.074661 0.760000 1.030000
1.222591 0.342441 0.760000 1.040000
0.139248 2.074701 0.760000 1.040000
1.227229 0.341107 0.760000 1.050000
0.139243 2.074786 0.760000 1.050000
1.234095 0.339133 0.760000 1.060000
0.139234 2.074924 0.760000 1.060000
1.242694 0.336654 0.760000 1.070000
0.139220 2.075121 0.760000 1.070000
1.219002 0.343473 0.770000 1.000000
0.139249 2.074649 0.770000 1.000000
1.219713 0.343268 0.770000 1.010000
0.139250 2.074655 0.770000 1.010000
1.221557 0.342737 0.770000 1.020000
0.139249 2.074684 0.770000 1.020000
1.225359 0.341644 0.770000 1.030000
0.139245 2.074751 0.770000 1.030000
1.231382 0.339912 0.770000 1.040000
0.139238 2.074868 0.770000 1.040000
1.239297 0.337637 0.770000 1.050000
0.139226 2.075040 0.770000 1.050000
1.248593 0.334955 0.770000 1.060000
0.139209 2.075270 0.770000 1.060000
1.218903 0.343502 0.780000 0.980000
0.139249 2.074649 0.780000 0.980000
1.219411 0.343355 0.780000 0.990000
0.139250 2.074651 0.780000 0.990000
1.220780 0.342960 0.780000 1.000000
0.139250 2.074671 0.780000 1.000000
1.223825 0.342086 0.780000 1.010000
0.139247 2.074723 0.780000 1.010000
1.229012 0.340594 0.780000 1.020000
0.139241 2.074820 0.780000 1.020000
1.236172 0.338533 0.780000 1.030000
0.139231 2.074970 0.780000 1.030000
1.244865 0.336030 0.780000 1.040000
0.139216 2.075174 0.780000 1.040000
1.218833 0.343523 0.790000 0.960000
0.139248 2.074650 0.790000 0.960000
1.219197 0.343417 0.790000 0.970000
0.139250 2.074650 0.790000 0.970000
1.220203 0.343127 0.790000 0.980000
0.139250 2.074662 0.790000 0.980000
1.222577 0.342444 0.790000 0.990000
0.139248 2.074701 0.790000 0.990000
1.226952 0.341186 0.790000 1.000000
0.139244 2.074780 0.790000 1.000000
1.233367 0.339344 0.790000 1.010000
0.139235 2.074909 0.790000 1.010000
1.241415 0.337023 0.790000 1.020000
0.139222 2.075090 0.790000 1.020000
1.250694 0.334349 0.790000 1.030000
0.139205 2.075327 0.790000 1.030000
1.219046 0.343461 0.800000 0.950000
0.139249 2.074649 0.800000 0.950000
1.219780 0.343249 0.800000 0.960000
0.139250 2.074656 0.800000 0.960000
1.221592 0.342727 0.800000 0.970000
0.139249 2.074684 0.800000 0.970000
1.225204 0.341689 0.800000 0.980000
0.139246 2.074748 0.800000 0.980000
1.230845 0.340066 0.800000 0.990000
0.139239 2.074857 0.800000 0.990000
1.238240 0.337938 0.800000 1.000000
0.139228 2.075016 0.800000 1.000000
1.246965 0.335429 0.800000 1.010000
0.139212 2.075227 0.800000 1.010000
1.218938 0.343492 0.810000 0.930000
0.139249 2.074649 0.810000 0.930000
1.219472 0.343337 0.810000 0.940000
0.139250 2.074652 0.810000 0.940000
1.220838 0.342944 0.810000 0.950000
0.139250 2.074672 0.810000 0.950000
1.223758 0.342105 0.810000 0.960000
0.139247 2.074721 0.810000 0.960000
1.228635 0.340703 0.810000 0.970000
0.139241 2.074813 0.810000 0.970000
1.235339 0.338773 0.810000 0.980000
0.139232 2.074951 0.810000 0.980000
1.243484 0.336427 0.810000 0.990000
0.139219 2.075140 0.810000 0.990000
1.218861 0.343514 0.820000 0.910000
0.139248 2.074649 0.820000 0.910000
1.219250 0.343402 0.820000 0.920000
0.139250 2.074650 0.820000 0.920000
1.220270 0.343107 0.820000 0.930000
0.139250 2.074663 0.820000 0.930000
1.222571 0.342446 0.820000 0.940000
0.139248 2.074701 0.820000 0.940000
1.226705 0.341257 0.820000 0.950000
0.139244 2.074776 0.820000 0.950000
1.232719 0.339528 0.820000 0.960000
0.139236 2.074895 0.820000 0.960000
1.240271 0.337357 0.820000 0.970000
0.139224 2.075063 0.820000 0.970000
1.248987 0.334841 0.820000 0.980000
0.139209 2.075281 0.820000 0.980000
1.219090 0.343448 0.830000 0.900000
0.139249 2.074649 0.830000 0.900000
1.219846 0.343230 0.830000 0.910000
0.139250 2.074657 0.830000 0.910000
1.221626 0.342717 0.830000 0.920000
0.139249 2.074685 0.830000 0.920000
1.225064 0.341729 0.830000 0.930000
0.139246 2.074745 0.830000 0.930000
1.230366 0.340204 0.830000 0.940000
0.139239 2.074847 0.830000 0.940000
1.237299 0.338209 0.830000 0.950000
0.139229 2.074995 0.830000 0.950000
1.245500 0.335847 0.830000 0.960000
0.139215 2.075190 0.830000 0.960000
1.218975 0.343481 0.840000 0.880000
0.139249 2.074649 0.840000 0.880000
1.219533 0.343320 0.840000 0.890000
0.139250 2.074653 0.840000 0.890000
1.220893 0.342928 0.840000 0.900000
0.139250 2.074673 0.840000 0.900000
1.223696 0.342123 0.840000 0.910000
0.139247 2.074720 0.840000 0.910000
1.228298 0.340801 0.840000 0.920000
0.139242 2.074806 0.840000 0.920000
1.234594 0.338988 0.840000 0.930000
0.139233 2.074935 0.840000 0.930000
1.242246 0.336784 0.840000 0.940000
0.139221 2.075110 0.840000 0.940000
1.250936 0.334279 0.840000 0.950000
0.139205 2.075333 0.840000 0.950000
1.218891 0.343506 0.850000 0.860000
0.139249 2.074649 0.850000 0.860000
1.219303 0.343386 0.850000 0.870000
0.139250 2.074650 0.850000 0.870000
1.220333 0.343089 0.850000 0.880000
0.139250 2.074664 0.850000 0.880000
1.222566 0.342447 0.850000 0.890000
0.139248 2.074701 0.850000 0.890000
1.226483 0.341321 0.850000 0.900000
0.139244 2.074772 0.850000 0.900000
1.232137 0.339695 0.850000 0.910000
0.139237 2.074883 0.850000 0.910000
1.239239 0.337654 0.850000 0.920000
0.139226 2.075039 0.850000 0.920000
1.247449 0.335285 0.850000 0.930000
0.139212 2.075240 0.850000 0.930000
1.218830 0.343524 0.860000 0.840000
0.139248 2.074650 0.860000 0.840000
1.219135 0.343435 0.860000 0.850000
0.139250 2.074649 0.860000 0.850000
1.219910 0.343211 0.860000 0.860000
0.139250 2.074658 0.860000 0.860000
1.221657 0.342709 0.860000 0.870000
0.139249 2.074685 0.860000 0.870000
1.224938 0.341765 0.860000 0.880000
0.139246 2.074743 0.860000 0.880000
1.229935 0.340328 0.860000 0.890000
0.139240 2.074838 0.860000 0.890000
1.236456 0.338451 0.860000 0.900000
0.139230 2.074976 0.860000 0.900000
1.244175 0.336228 0.860000 0.910000
0.139218 2.075157 0.860000 0.910000
1.219012 0.343470 0.870000 0.830000
0.139249 2.074649 0.870000 0.830000
1.219594 0.343302 0.870000 0.840000
0.139250 2.074654 0.870000 0.840000
1.220944 0.342913 0.870000 0.850000
0.139250 2.074673 0.870000 0.850000
1.223641 0.342139 0.870000 0.860000
0.139247 2.074719 0.870000 0.860000
1.227993 0.340889 0.870000 0.870000
0.139242 2.074800 0.870000 0.870000
1.233924 0.339184 0.870000 0.880000
0.139234 2.074921 0.870000 0.880000
1.241132 0.337105 0.870000 0.890000
0.139223 2.075083 0.870000 0.890000
1.249328 0.334743 0.870000 0.900000
0.139208 2.075290 0.870000 0.900000
1.218923 0.343496 0.880000 0.810000
0.139249 2.074649 0.880000 0.810000
1.219357 0.343371 0.880000 0.820000
0.139250 2.074651 0.880000 0.820000
1.220395 0.343071 0.880000 0.830000
0.139250 2.074665 0.880000 0.830000
1.222563 0.342448 0.880000 0.840000
0.139248 2.074701 0.880000 0.840000
1.226293 0.341376 0.880000 0.850000
0.139244 2.074768 0.880000 0.850000
1.231612 0.339846 0.880000 0.860000
0.139237 2.074873 0.880000 0.860000
1.238303 0.337920 0.880000 0.870000
0.139228 2.075017 0.880000 0.870000
1.246054 0.335691 0.880000 0.880000
0.139214 2.075204 0.880000 0.880000
1.218863 0.343514 0.890000 0.790000
0.139248 2.074649 0.890000 0.790000
1.219181 0.343422 0.890000 0.800000
0.139250 2.074649 0.890000 0.800000
1.219971 0.343194 0.890000 0.810000
0.139250 2.074659 0.890000 0.810000
1.221688 0.342700 0.890000 0.820000
0.139249 2.074686 0.890000 0.820000
1.224823 0.341798 0.890000 0.830000
0.139246 2.074741 0.890000 0.830000
1.229549 0.340439 0.890000 0.840000
0.139240 2.074831 0.890000 0.840000
1.235698 0.338669 0.890000 0.850000
0.139232 2.074959 0.890000 0.850000
1.242979 0.336572 0.890000 0.860000
0.139220 2.075128 0.890000 0.860000
1.251147 0.334218 0.890000 0.870000
0.139204 2.075339 0.890000 0.870000
1.219052 0.343459 0.900000 0.780000
0.139249 2.074649 0.900000 0.780000
1.219651 0.343285 0.900000 0.790000
0.139250 2.074654 0.900000 0.790000
1.220992 0.342899 0.900000 0.800000
0.139250 2.074674 0.900000 0.800000
1.223591 0.342153 0.900000 0.810000
0.139247 2.074718 0.900000 0.810000
1.227719 0.340967 0.900000 0.820000
0.139243 2.074795 0.900000 0.820000
1.233318 0.339358 0.900000 0.830000
0.139235 2.074908 0.900000 0.830000
1.240123 0.337399 0.900000 0.840000
0.139225 2.075059 0.900000 0.840000
1.247872 0.335163 0.900000 0.850000
0.139211 2.075251 0.900000 0.850000
1.222167 0.342685 0.910000 0.410000
0.809402 0.429725 0.910000 0.410000
1.197451 0.352984 0.910000 0.420000
0.851252 0.432403 0.910000 0.420000
1.189747 0.436001 0.910000 0.600000
0.862099 0.631188 0.910000 0.600000
1.218955 0.343487 0.910000 0.760000
0.139249 2.074649 0.910000 0.760000
1.219411 0.343355 0.910000 0.770000
0.139250 2.074651 0.910000 0.770000
1.220450 0.343055 0.910000 0.780000
0.139250 2.074666 0.910000 0.780000
1.222563 0.342448 0.910000 0.790000
0.139248 2.074701 0.910000 0.790000
1.226103 0.341430 0.910000 0.800000
0.139245 2.074764 0.910000 0.800000
1.231139 0.339982 0.910000 0.810000
0.139238 2.074863 0.910000 0.810000
1.237463 0.338161 0.910000 0.820000
0.139229 2.074999 0.910000 0.820000
1.244789 0.336052 0.910000 0.830000
0.139216 2.075172 0.910000 0.830000
1.213082 0.345862 0.920000 0.410000
0.821389 0.429848 0.920000 0.410000
1.199107 0.353480 0.920000 0.420000
0.855042 0.434221 0.920000 0.420000
1.218883 0.343508 0.920000 0.740000
0.139249 2.074649 0.920000 0.740000
1.219226 0.343408 0.920000 0.750000
0.139250 2.074650 0.920000 0.750000
1.220030 0.343176 0.920000 0.760000
0.139250 2.074659 0.920000 0.760000
1.221715 0.342692 0.920000 0.770000
0.139249 2.074686 0.920000 0.770000
1.224719 0.341828 0.920000 0.780000
0.139246 2.074739 0.920000 0.780000
1.229195 0.340541 0.920000 0.790000
0.139241 2.074824 0.920000 0.790000
1.235008 0.338868 0.920000 0.800000
0.139233 2.074944 0.920000 0.800000
1.241892 0.336886 0.920000 0.810000
0.139222 2.075101 0.920000 0.810000
1.249627 0.334656 0.920000 0.820000
0.139207 2.075298 0.920000 0.820000
1.209527 0.347658 0.930000 0.410000
0.829432 0.430882 0.930000 0.410000
1.187831 0.357586 0.930000 0.420000
0.869594 0.433535 0.930000 0.420000
1.190652 0.435703 0.930000 0.590000
0.852954 0.639373 0.930000 0.590000
1.218829 0.343524 0.930000 0.720000
0.139248 2.074650 0.930000 0.720000
1.219090 0.343448 0.930000 0.730000
0.139249 2.074649 0.930000 0.730000
1.219707 0.343270 0.930000 0.740000
0.139250 2.074655 0.930000 0.740000
1.221040 0.342886 0.930000 0.750000
0.139250 2.074675 0.930000 0.750000
1.223546 0.342166 0.930000 0.760000
0.139247 2.074718 0.930000 0.760000
1.227469 0.341038 0.930000 0.770000
0.139243 2.074790 0.930000 0.770000
1.232760 0.339516 0.930000 0.780000
0.139236 2.074896 0.930000 0.780000
1.239201 0.337665 0.930000 0.790000
0.139226 2.075038 0.930000 0.790000
1.246544 0.335550 0.930000 0.800000
0.139213 2.075217 0.930000 0.800000
1.209936 0.348372 0.940000 0.410000
0.834123 0.432528 0.940000 0.410000
1.184936 0.359522 0.940000 0.420000
0.877236 0.434450 0.940000 0.420000
1.190373 0.435314 0.940000 0.580000
0.872362 0.621875 0.940000 0.580000
1.218987 0.343478 0.940000 0.710000
0.139249 2.074649 0.940000 0.710000
1.219461 0.343341 0.940000 0.720000
0.139250 2.074652 0.940000 0.720000
1.220505 0.343040 0.940000 0.730000
0.139250 2.074667 0.940000 0.730000
1.222555 0.342450 0.940000 0.740000
0.139248 2.074700 0.940000 0.740000
1.225935 0.341479 0.940000 0.750000
0.139245 2.074761 0.940000 0.750000
1.230711 0.340105 0.940000 0.760000
0.139239 2.074854 0.940000 0.760000
1.236694 0.338383 0.940000 0.770000
0.139230 2.074981 0.940000 0.770000
1.243629 0.336385 0.940000 0.780000
0.139219 2.075144 0.940000 0.780000
1.251329 0.334166 0.940000 0.790000
0.139204 2.075344 0.940000 0.790000
1.222715 0.342016 0.950000 0.400000
0.805543 0.428639 0.950000 0.400000
1.199107 0.352210 0.950000 0.410000
0.848098 0.432177 0.950000 0.410000
1.177354 0.362783 0.950000 0.420000
0.889518 0.434352 0.950000 0.420000
1.178050 0.440969 0.950000 0.570000
0.897452 0.601575 0.950000 0.570000
nan nan 0.950000 0.580000
nan nan 0.950000 0.580000
1.218910 0.343500 0.950000 0.690000
0.139249 2.074649 0.950000 0.690000
1.219272 0.343395 0.950000 0.700000
0.139250 2.074650 0.950000 0.700000
1.220086 0.343160 0.950000 0.710000
0.139250 2.074660 0.950000 0.710000
1.221738 0.342685 0.950000 0.720000
0.139249 2.074687 0.950000 0.720000
1.224624 0.341856 0.950000 0.730000
0.139246 2.074737 0.950000 0.730000
1.228877 0.340633 0.950000 0.740000
0.139241 2.074817 0.950000 0.740000
1.234378 0.339050 0.950000 0.750000
0.139234 2.074930 0.950000 0.750000
1.240907 0.337170 0.950000 0.760000
0.139223 2.075078 0.950000 0.760000
1.248250 0.335054 0.950000 0.770000
0.139210 2.075261 0.950000 0.770000
1.219227 0.343733 0.960000 0.400000
0.813349 0.429831 0.960000 0.400000
1.198644 0.353365 0.960000 0.410000
0.854010 0.433778 0.960000 0.410000
1.170996 0.365798 0.960000 0.420000
0.900112 0.434576 0.960000 0.420000
1.179324 0.438836 0.960000 0.560000
0.911336 0.588477 0.960000 0.560000
1.189866 0.435854 0.960000 0.570000
0.864782 0.628739 0.960000 0.570000
1.218853 0.343517 0.960000 0.670000
0.139248 2.074650 0.960000 0.670000
1.219130 0.343436 0.960000 0.680000
0.139250 2.074649 0.960000 0.680000
1.219761 0.343254 0.960000 0.690000
0.139250 2.074656 0.960000 0.690000
1.221082 0.342874 0.960000 0.700000
0.139250 2.074676 0.960000 0.700000
1.223501 0.342179 0.960000 0.710000
0.139247 2.074717 0.960000 0.710000
1.227235 0.341105 0.960000 0.720000
0.139243 2.074786 0.960000 0.720000
1.232251 0.339662 0.960000 0.730000
0.139237 2.074886 0.960000 0.730000
1.238355 0.337905 0.960000 0.740000
0.139227 2.075019 0.960000 0.740000
1.245326 0.335897 0.960000 0.750000
0.139215 2.075186 0.960000 0.750000
1.210886 0.346763 0.970000 0.400000
0.825230 0.430098 0.970000 0.400000
1.189661 0.356920 0.970000 0.410000
0.867188 0.433673 0.970000 0.410000
1.161750 0.369708 0.970000 0.420000
0.914467 0.433937 0.970000 0.420000
1.182513 0.438913 0.970000 0.560000
0.889355 0.607962 0.970000 0.560000
1.219022 0.343468 0.970000 0.660000
0.139249 2.074649 0.970000 0.660000
1.219510 0.343326 0.970000 0.670000
0.139250 2.074653 0.970000 0.670000
1.220557 0.343025 0.970000 0.680000
0.139250 2.074667 0.970000 0.680000
1.222551 0.342452 0.970000 0.690000
0.139248 2.074700 0.970000 0.690000
1.225784 0.341522 0.970000 0.700000
0.139245 2.074758 0.970000 0.700000
1.230315 0.340219 0.970000 0.710000
0.139239 2.074846 0.970000 0.710000
1.235990 0.338585 0.970000 0.720000
0.139231 2.074966 0.970000 0.720000
1.242573 0.336689 0.970000 0.730000
0.139220 2.075118 0.970000 0.730000
1.249898 0.334578 0.970000 0.740000
0.139207 2.075305 0.970000 0.740000
1.211415 0.347568 0.980000 0.400000
0.830437 0.432009 0.980000 0.400000
1.184354 0.359585 0.980000 0.410000
0.877350 0.434207 0.980000 0.410000
1.158893 0.372000 0.980000 0.420000
0.922264 0.434833 0.980000 0.420000
1.180196 0.438709 0.980000 0.550000
0.904138 0.594204 0.980000 0.550000
1.190470 0.435777 0.980000 0.560000
0.854816 0.637705 0.980000 0.560000
1.218938 0.343492 0.980000 0.640000
0.139249 2.074649 0.980000 0.640000
1.219319 0.343382 0.980000 0.650000
0.139250 2.074650 0.980000 0.650000
1.220142 0.343144 0.980000 0.660000
0.139250 2.074661 0.980000 0.660000
1.221767 0.342677 0.980000 0.670000
0.139249 2.074687 0.980000 0.670000
1.224537 0.341881 0.980000 0.680000
0.139246 2.074735 0.980000 0.680000
1.228583 0.340718 0.980000 0.690000
0.139242 2.074812 0.980000 0.690000
1.233803 0.339219 0.980000 0.700000
0.139234 2.074918 0.980000 0.700000
1.240006 0.337433 0.980000 0.710000
0.139225 2.075056 0.980000 0.710000
1.246975 0.335426 0.980000 0.720000
0.139212 2.075228 0.980000 0.720000
1.202122 0.351075 0.990000 0.400000
0.843690 0.432192 0.990000 0.400000
1.177276 0.362800 0.990000 0.410000
0.889437 0.434352 0.990000 0.410000
1.141712 0.378557 0.990000 0.420000
0.943631 0.432212 0.990000 0.420000
1.159710 0.447762 0.990000 0.540000
0.937376 0.569478 0.990000 0.540000
1.189080 0.435797 0.990000 0.550000
0.879180 0.616090 0.990000 0.550000
1.219815 0.343238 0.990000 0.640000
0.139250 2.074656 0.990000 0.640000
1.221121 0.342863 0.990000 0.650000
0.139250 2.074676 0.990000 0.650000
1.223462 0.342190 0.990000 0.660000
0.139248 2.074716 0.990000 0.660000
1.227020 0.341167 0.990000 0.670000
0.139243 2.074782 0.990000 0.670000
1.231786 0.339796 0.990000 0.680000
0.139237 2.074876 0.990000 0.680000
1.237584 0.338127 0.990000 0.690000
0.139229 2.075001 0.990000 0.690000
1.244207 0.336219 0.990000 0.700000
0.139217 2.075158 0.990000 0.700000
1.223373 0.342029 1.000000 0.390000
0.806277 0.429168 1.000000 0.390000
1.197050 0.353529 1.000000 0.400000
0.853931 0.433039 1.000000 0.400000
1.172089 0.365586 1.000000 0.410000
0.899931 0.434848 1.000000 0.410000
1.130053 0.383661 1.000000 0.420000
0.961125 0.430554 1.000000 0.420000
1.143053 0.454097 1.000000 0.530000
0.964580 0.549291 1.000000 0.530000
1.176013 0.441406 1.000000 0.540000
0.904564 0.595203 1.000000 0.540000
nan nan 1.000000 0.550000
nan nan 1.000000 0.550000
1.219560 0.343312 1.000000 0.620000
0.139250 2.074653 1.000000 0.620000
1.220604 0.343011 1.000000 0.630000
0.139250 2.074668 1.000000 0.630000
1.222547 0.342453 1.000000 0.640000
0.139248 2.074700 1.000000 0.640000
1.225645 0.341562 1.000000 0.650000
0.139245 2.074756 1.000000 0.650000
1.229957 0.340322 1.000000 0.660000
0.139240 2.074839 1.000000 0.660000
1.235347 0.338771 1.000000 0.670000
0.139232 2.074951 1.000000 0.670000
1.241613 0.336966 1.000000 0.680000
0.139222 2.075095 1.000000 0.680000
1.248575 0.334960 1.000000 0.690000
0.139209 2.075270 1.000000 0.690000
1.214858 0.345220 1.010000 0.390000
0.818810 0.429797 1.010000 0.390000
1.192762 0.355849 1.010000 0.400000
0.863557 0.433977 1.010000 0.400000
1.158936 0.370723 1.010000 0.410000
0.917683 0.433556 1.010000 0.410000
1.116365 0.389616 1.010000 0.420000
0.980445 0.428227 1.010000 0.420000
1.161193 0.447561 1.010000 0.530000
0.933864 0.572776 1.010000 0.530000
1.190490 0.435393 1.010000 0.540000
0.868297 0.625472 1.010000 0.540000
1.218967 0.343484 1.010000 0.590000
0.139249 2.074649 1.010000 0.590000
1.219362 0.343369 1.010000 0.600000
0.139250 2.074651 1.010000 0.600000
1.220192 0.343130 1.010000 0.610000
0.139250 2.074662 1.010000 0.610000
1.221784 0.342672 1.010000 0.620000
0.139249 2.074687 1.010000 0.620000
1.224452 0.341905 1.010000 0.630000
0.139246 2.074734 1.010000 0.630000
1.228311 0.340797 1.010000 0.640000
0.139242 2.074806 1.010000 0.640000
1.233276 0.339370 1.010000 0.650000
0.139235 2.074907 1.010000 0.650000
1.239168 0.337674 1.010000 0.660000
0.139226 2.075037 1.010000 0.660000
1.245805 0.335763 1.010000 0.670000
0.139215 2.075198 1.010000 0.670000
1.209547 0.347601 1.020000 0.390000
0.829131 0.430788 1.020000 0.390000
1.183921 0.359584 1.020000 0.400000
0.877223 0.433985 1.020000 0.400000
1.156636 0.373027 1.020000 0.410000
0.926214 0.434575 1.020000 0.410000
1.143997 0.454126 1.020000 0.520000
0.963445 0.550790 1.020000 0.520000
1.177258 0.441333 1.020000 0.530000
0.899248 0.600187 1.020000 0.530000
1.218899 0.343503 1.020000 0.570000
0.139249 2.074649 1.020000 0.570000
1.219208 0.343414 1.020000 0.580000
0.139250 2.074649 1.020000 0.580000
1.219868 0.343223 1.020000 0.590000
0.139250 2.074657 1.020000 0.590000
1.221161 0.342851 1.020000 0.600000
0.139250 2.074677 1.020000 0.600000
1.223424 0.342201 1.020000 0.610000
0.139248 2.074715 1.020000 0.610000
1.226827 0.341222 1.020000 0.620000
0.139244 2.074778 1.020000 0.620000
1.231365 0.339916 1.020000 0.630000
0.139238 2.074868 1.020000 0.630000
1.236874 0.338331 1.020000 0.640000
0.139230 2.074985 1.020000 0.640000
1.243182 0.336514 1.020000 0.650000
0.139219 2.075133 1.020000 0.650000
1.250130 0.334512 1.020000 0.660000
0.139206 2.075311 1.020000 0.660000
1.208301 0.348961 1.030000 0.390000
0.836326 0.432518 1.030000 0.390000
1.177359 0.362785 1.030000 0.400000
0.889580 0.434349 1.030000 0.400000
1.144804 0.378235 1.030000 0.410000
0.943359 0.433297 1.030000 0.410000
1.130905 0.457690 1.030000 0.510000
0.983499 0.534605 1.030000 0.510000
1.167251 0.444745 1.030000 0.520000
0.925658 0.578564 1.030000 0.520000
1.190110 0.435906 1.030000 0.530000
0.858169 0.634716 1.030000 0.530000
1.218851 0.343517 1.030000 0.550000
0.139248 2.074650 1.030000 0.550000
1.219090 0.343448 1.030000 0.560000
0.139249 2.074649 1.030000 0.560000
1.219609 0.343298 1.030000 0.570000
0.139250 2.074654 1.030000 0.570000
1.220651 0.342998 1.030000 0.580000
0.139250 2.074669 1.030000 0.580000
1.222544 0.342454 1.030000 0.590000
0.139248 2.074700 1.030000 0.590000
1.225515 0.341599 1.030000 0.600000
0.139245 2.074753 1.030000 0.600000
1.229628 0.340416 1.030000 0.610000
0.139240 2.074832 1.030000 0.610000
1.234753 0.338942 1.030000 0.620000
0.139233 2.074939 1.030000 0.620000
1.240720 0.337224 1.030000 0.630000
0.139224 2.075073 1.030000 0.630000
1.247362 0.335311 1.030000 0.640000
0.139212 2.075238 1.030000 0.640000
1.197326 0.353065 1.040000 0.390000
0.851636 0.432454 1.040000 0.390000
1.172489 0.365604 1.040000 0.400000
0.899924 0.435171 1.040000 0.400000
1.129504 0.384620 1.040000 0.410000
0.964417 0.430935 1.040000 0.410000
1.149715 0.451501 1.040000 0.510000
0.956086 0.555604 1.040000 0.510000
1.182752 0.438800 1.040000 0.520000
0.888989 0.608249 1.040000 0.520000
1.218997 0.343475 1.040000 0.540000
0.139249 2.074649 1.040000 0.540000
1.219408 0.343356 1.040000 0.550000
0.139250 2.074651 1.040000 0.550000
1.220244 0.343115 1.040000 0.560000
0.139250 2.074663 1.040000 0.560000
1.221806 0.342666 1.040000 0.570000
0.139249 2.074688 1.040000 0.570000
1.224379 0.341926 1.040000 0.580000
0.139247 2.074733 1.040000 0.580000
1.228061 0.340869 1.040000 0.590000
0.139242 2.074801 1.040000 0.590000
1.232786 0.339509 1.040000 0.600000
0.139236 2.074897 1.040000 0.600000
1.238397 0.337893 1.040000 0.610000
0.139227 2.075020 1.040000 0.610000
1.244729 0.336068 1.040000 0.620000
0.139217 2.075171 1.040000 0.620000
1.222789 0.342433 1.050000 0.380000
0.808367 0.429633 1.050000 0.380000
1.196662 0.354510 1.050000 0.390000
0.859101 0.434291 1.050000 0.390000
1.156790 0.371645 1.050000 0.400000
0.920676 0.433418 1.050000 0.400000
1.113222 0.391634 1.050000 0.410000
0.984070 0.428731 1.050000 0.410000
1.130374 0.458377 1.050000 0.500000
0.988251 0.532498 1.050000 0.500000
1.179373 0.438809 1.050000 0.510000
0.911229 0.588547 1.050000 0.510000
nan nan 1.050000 0.520000
nan nan 1.050000 0.520000
1.219248 0.343402 1.050000 0.530000
0.139250 2.074650 1.050000 0.530000
1.219919 0.343208 1.050000 0.540000
0.139250 2.074658 1.050000 0.540000
1.221198 0.342840 1.050000 0.550000
0.139250 2.074678 1.050000 0.550000
1.223391 0.342211 1.050000 0.560000
0.139248 2.074715 1.050000 0.560000
1.226650 0.341273 1.050000 0.570000
0.139244 2.074775 1.050000 0.570000
1.230972 0.340030 1.050000 0.580000
0.139238 2.074859 1.050000 0.580000
1.236230 0.338516 1.050000 0.590000
0.139231 2.074971 1.050000 0.590000
1.242239 0.336786 1.050000 0.600000
0.139221 2.075110 1.050000 0.600000
1.248869 0.334875 1.050000 0.610000
0.139209 2.075277 1.050000 0.610000
1.211754 0.346381 1.060000 0.380000
0.823577 0.429955 1.060000 0.380000
1.183918 0.359425 1.060000 0.390000
0.876532 0.433778 1.060000 0.390000
1.148055 0.376010 1.060000 0.400000
0.936078 0.432947 1.060000 0.400000
1.082556 0.403275 1.060000 0.410000
1.021168 0.421390 1.060000 0.410000
1.067336 0.486299 1.060000 0.490000
1.062927 0.488527 1.060000 0.490000
1.162786 0.445131 1.060000 0.500000
0.942655 0.564064 1.060000 0.500000
1.189938 0.435445 1.060000 0.510000
0.875504 0.619178 1.060000 0.510000
1.220696 0.342985 1.060000 0.530000
0.139250 2.074670 1.060000 0.530000
1.222540 0.342455 1.060000 0.540000
0.139248 2.074700 1.060000 0.540000
1.225399 0.341633 1.060000 0.550000
0.139245 2.074751 1.060000 0.550000
1.229324 0.340504 1.060000 0.560000
0.139241 2.074826 1.060000 0.560000
1.234214 0.339098 1.060000 0.570000
0.139234 2.074927 1.060000 0.570000
1.239899 0.337464 1.060000 0.580000
0.139225 2.075054 1.060000 0.580000
1.246242 0.335637 1.060000 0.590000
0.139214 2.075209 1.060000 0.590000
1.211469 0.347606 1.070000 0.380000
0.830712 0.432125 1.070000 0.380000
1.177337 0.362792 1.070000 0.390000
0.889596 0.434347 1.070000 0.390000
1.138473 0.380773 1.070000 0.400000
0.952200 0.432228 1.070000 0.400000
1.125929 0.460963 1.070000 0.490000
0.988975 0.532685 1.070000 0.490000
1.178752 0.439600 1.070000 0.500000
0.903661 0.594925 1.070000 0.500000
1.220291 0.343101 1.070000 0.510000
0.139250 2.074663 1.070000 0.510000
1.221823 0.342661 1.070000 0.520000
0.139249 2.074688 1.070000 0.520000
1.224312 0.341946 1.070000 0.530000
0.139247 2.074731 1.070000 0.530000
1.227835 0.340934 1.070000 0.540000
0.139242 2.074797 1.070000 0.540000
1.232338 0.339637 1.070000 0.550000
0.139236 2.074888 1.070000 0.550000
1.237689 0.338096 1.070000 0.560000
0.139228 2.075004 1.070000 0.560000
1.243733 0.336355 1.070000 0.570000
0.139218 2.075146 1.070000 0.570000
1.250340 0.334451 1.070000 0.580000
0.139206 2.075317 1.070000 0.580000
1.199454 0.352068 1.080000 0.380000
0.847555 0.432159 1.080000 0.380000
1.173144 0.365584 1.080000 0.390000
0.900466 0.435427 1.080000 0.390000
1.116479 0.389515 1.080000 0.400000
0.978371 0.428686 1.080000 0.400000
1.166950 0.443372 1.080000 0.490000
0.933474 0.570492 1.080000 0.490000
1.189986 0.435867 1.080000 0.500000
0.862395 0.630875 1.080000 0.500000
1.223357 0.342221 1.080000 0.510000
0.139248 2.074714 1.080000 0.510000
1.226485 0.341320 1.080000 0.520000
0.139244 2.074772 1.080000 0.520000
1.230616 0.340132 1.080000 0.530000
0.139239 2.074852 1.080000 0.530000
1.235631 0.338688 1.080000 0.540000
0.139232 2.074958 1.080000 0.540000
1.241370 0.337036 1.080000 0.550000
0.139223 2.075089 1.080000 0.550000
1.247708 0.335210 1.080000 0.560000
0.139211 2.075247 1.080000 0.560000
1.198994 0.353566 1.090000 0.380000
0.855482 0.434292 1.090000 0.380000
1.156661 0.372098 1.090000 0.390000
0.922510 0.433766 1.090000 0.390000
1.128013 0.460245 1.090000 0.480000
0.986984 0.534254 1.090000 0.480000
1.176203 0.441692 1.090000 0.490000
0.902396 0.597543 1.090000 0.490000
1.225286 0.341665 1.090000 0.500000
0.139246 2.074749 1.090000 0.500000
1.229046 0.340584 1.090000 0.510000
0.139241 2.074821 1.090000 0.510000
1.233716 0.339244 1.090000 0.520000
0.139235 2.074916 1.090000 0.520000
1.239139 0.337683 1.090000 0.530000
0.139226 2.075036 1.090000 0.530000
1.245198 0.335934 1.090000 0.540000
0.139216 2.075183 1.090000 0.540000
1.219108 0.343774 1.100000 0.370000
0.813495 0.429831 1.100000 0.370000
1.184280 0.359144 1.100000 0.380000
0.875519 0.433606 1.100000 0.380000
1.142010 0.378396 1.100000 0.390000
0.943569 0.432122 1.100000 0.390000
1.160214 0.447481 1.100000 0.480000
0.937718 0.569212 1.100000 0.480000
nan nan 1.100000 0.490000
nan nan 1.100000 0.490000
1.231919 0.339757 1.100000 0.500000
0.139237 2.074879 1.100000 0.500000
1.237034 0.338285 1.100000 0.510000
0.139230 2.074989 1.100000 0.510000
1.242813 0.336620 1.100000 0.520000
0.139220 2.075124 1.100000 0.520000
1.249137 0.334798 1.100000 0.530000
0.139208 2.075285 1.100000 0.530000
1.209658 0.347502 1.110000 0.370000
0.828680 0.430670 1.110000 0.370000
1.176917 0.362927 1.110000 0.380000
0.889898 0.434309 1.110000 0.380000
1.182442 0.438980 1.110000 0.480000
0.889052 0.608246 1.110000 0.480000
1.235069 0.338851 1.110000 0.490000
0.139233 2.074945 1.110000 0.490000
1.240559 0.337270 1.110000 0.500000
0.139224 2.075069 1.110000 0.500000
1.246630 0.335525 1.110000 0.510000
0.139213 2.075219 1.110000 0.510000
1.204551 0.350232 1.120000 0.370000
0.840704 0.432335 1.120000 0.370000
1.162611 0.446959 1.120000 0.470000
0.931679 0.574406 1.120000 0.470000
1.238431 0.337883 1.120000 0.480000
0.139227 2.075020 1.120000 0.480000
1.244232 0.336212 1.120000 0.490000
0.139217 2.075159 1.120000 0.490000
1.250533 0.334395 1.120000 0.500000
0.139205 2.075322 1.120000 0.500000
1.198541 0.353345 1.130000 0.370000
0.853931 0.433680 1.130000 0.370000
1.190679 0.435243 1.130000 0.470000
0.869607 0.624268 1.130000 0.470000
1.248018 0.335121 1.130000 0.480000
0.139210 2.075255 1.130000 0.480000
