0.172977697951899
0.172977697951899
0.172977697951899
0.172977697951899
0.172977697951899
0.172977697951899
0.172977697951899
0.172977697951899
0.172977697951899
0.172977697951899
0.172977697951899
0.172977697951899
0.172977697951899
0.172977697951899
0.172977697951899
0.172977697951900
0.172977697951902
0.172977697951907
0.172977697951921
0.172977697951958
0.172977697952060
0.172977697952337
0.172977697953091
0.172977697955139
0.172977697960705
0.172977697975836
0.172977698016966
0.172977698128770
0.172977698432685
0.172977699258811
0.172977701504453
0.172977707608741
0.172977724201918
0.172977769306846
0.172977891914740
0.172978225197463
0.172979131153181
0.172981593791333
0.172988287900309
0.173006484112318
0.173055944603175
0.173190377811825
0.173555699198743
0.174547963410181
0.177239450483563
0.184513331392072
0.203978287603138
0.254719767922624
0.378432926075265
0.636518525156975
1.034765415224653
1.433012305292331
1.691097904374042
1.814811062526682
1.865552542846168
1.885017499057234
1.892291379965743
1.894982867039125
1.895975131250563
1.896340452637481
1.896474885846131
1.896524346336987
1.896542542548997
1.896549236657973
1.896551699296125
1.896552605251843
1.896552938534566
1.896553061142461
1.896553106247389
1.896553122840565
1.896553128944853
1.896553131190495
1.896553132016621
1.896553132320536
1.896553132432340
1.896553132473470
1.896553132488601
1.896553132494167
1.896553132496215
1.896553132496968
1.896553132497246
1.896553132497348
1.896553132497385
1.896553132497399
1.896553132497404
1.896553132497406
1.896553132497407
1.896553132497407
1.896553132497407
1.896553132497407
1.896553132497407
1.896553132497407
1.896553132497407
1.896553132497407
1.896553132497407
1.896553132497407
1.896553132497407
1.896553132497407
1.896553132497407
1.896553132497407
1.896553132497407
1.896553132497407
1.896553132497407
1.896553132497407
1.896553132497407
1.896553132497407
1.896553132497407
1.896553132497407
1.896553132497407
1.896553132497407
1.896553132497407
1.896553132497407
1.896553132497407
1.896553132497407
1.896553132497407
1.896553132497406
1.896553132497405
1.896553132497401
1.896553132497392
1.896553132497366
1.896553132497296
1.896553132497105
1.896553132496587
1.896553132495177
1.896553132491345
1.896553132480928
1.896553132452613
1.896553132375644
1.896553132166422
1.896553131597696
1.896553130051739
1.896553125849391
1.896553114426227
1.896553083374849
1.896552998968458
1.896552769528161
1.896552145845221
1.896550450502531
1.896545842107786
1.896533315372996
1.896499265514089
1.896406718276737
1.896155221749618
1.895472121848826
1.893619233745416
1.888611709267858
1.875211538725131
1.840279814117140
1.755112531969219
1.577439846512534
1.303276566248703
1.029113285984873
0.851440600528188
0.766273318380267
0.731341593772276
0.717941423229548
0.712933898751991
0.711081010648581
0.710397910747788
0.710146414220670
0.710053866983318
0.710019817124411
0.710007290389621
0.710002681994876
0.710000986652186
0.710000362969246
0.710000133528949
0.710000049122559
0.710000018071180
0.710000006648016
0.710000002445668
0.710000000899711
0.710000000330985
0.710000000121763
0.710000000044794
0.710000000016479
0.710000000006062
0.710000000002230
0.710000000000820
0.710000000000302
0.710000000000111
0.710000000000041
0.710000000000015
0.710000000000006
0.710000000000002
0.710000000000001
0.710000000000000
0.710000000000000
0.710000000000000
0.710000000000000
0.710000000000000
0.710000000000000
0.710000000000000
0.710000000000000
0.710000000000000
0.710000000000000
0.710000000000000
0.710000000000000
0.710000000000000
0.710000000000000
0.710000000000000
0.710000000000000
0.710000000000000
0.710000000000000
0.710000000000000
0.710000000000000
0.710000000000000
0.710000000000000
0.710000000000000
0.710000000000000
0.710000000000000
0.710000000000000
0.710000000000000
0.710000000000000
0.710000000000000
0.710000000000000
0.709999999999999
0.709999999999997
0.709999999999993
0.709999999999981
0.709999999999949
0.709999999999862
0.709999999999626
0.709999999998983
0.709999999997237
0.709999999992489
0.709999999979582
0.709999999944499
0.709999999849132
0.709999999589898
0.709999998885226
0.709999996969732
0.709999991762877
0.709999977609179
0.709999939135444
0.709999834553015
0.709999550268703
0.709998777505333
0.709996676927869
0.709990967048777
0.709975446597462
0.709933262138029
0.709818626138627
0.709507258658863
0.708662683658376
0.706380176700570
0.700272172109351
0.684349752793530
0.645529190866913
0.564543238110313
0.439575382719541
0.314607527328769
0.233621574572169
0.194801012645552
0.178878593329731
0.172770588738512
0.170488081780706
0.169643506780219
0.169332139300455
0.169217503301053
0.169175318841620
0.169159798390305
0.169154088511213
0.169151987933748
0.169151215170379
0.169150930886067
0.169150826303638
0.169150787829903
0.169150773676205
0.169150768469350
0.169150766553855
0.169150765849184
0.169150765589950
0.169150765494583
0.169150765459500
0.169150765446593
0.169150765441845
0.169150765440099
0.169150765439456
0.169150765439220
0.169150765439133
0.169150765439101
0.169150765439089
0.169150765439085
0.169150765439083
0.169150765439082
0.169150765439082
0.169150765439082
0.169150765439082
0.169150765439082
0.169150765439082
0.169150765439082
0.169150765439082
0.169150765439082
0.169150765439082
0.169150765439082
0.169150765439082
0.169150765439082
0.169150765439082
0.169150765439082
0.169150765439082
0.169150765439082
0.169150765439082
0.169150765439082
0.169150765439082
0.169150765439082
0.169150765439082
0.169150765439082
0.169150765439082
0.169150765439082
0.169150765439082
0.169150765439082
0.169150765439082
0.169150765439082
0.169150765439082
0.169150765439082
0.169150765439082
0.169150765439082
0.169150765439082
0.169150765439082
0.169150765439082
0.169150765439082
0.169150765439083
0.169150765439085
0.169150765439089
0.169150765439102
0.169150765439135
0.169150765439226
0.169150765439475
0.169150765440150
0.169150765441984
0.169150765446970
0.169150765460523
0.169150765497366
0.169150765597515
0.169150765869746
0.169150766609749
0.169150768621284
0.169150774089191
0.169150788952424
0.169150829354296
0.169150939173662
0.169151237661797
0.169152048801399
0.169154251970519
0.169160228001032
0.169176378527888
0.169219597450768
0.169332261055094
0.169606946976991
0.170179986108566
0.171064231695491
0.171948477282415
0.172521516413990
0.172796202335887
0.172908865940213
0.172952084863093
0.172968235389949
0.172974211420462
0.172976414589582
0.172977225729184
0.172977524217319
0.172977634036685
0.172977674438557
0.172977689301790
0.172977694769697
0.172977696781232
0.172977697521235
0.172977697793466
0.172977697893615
0.172977697930457
0.172977697944011
0.172977697948997
0.172977697950831
0.172977697951506
0.172977697951755
0.172977697951846
0.172977697951879
0.172977697951892
0.172977697951896
0.172977697951898
0.172977697951899
0.172977697951899
0.172977697951899
0.172977697951899
0.172977697951899
0.172977697951899
0.172977697951899
0.172977697951899
0.172977697951899
0.172977697951899
0.172977697951899
0.172977697951899
0.172977697951899
0.172977697951899
0.172977697951899
0.172977697951899
0.172977697951899
0.172977697951899
0.172977697951899
0.172977697951899
