1.661099629050647
0.511381041687542
0.963503299417127
0.189281259900317
0.492990661570931
0.120311446852940
0.408126800853453
0.110244406867451
0.386721966674332
0.107998336359780
0.374432317217735
0.106926423577114
0.364185795309437
0.106165244066078
0.354972507856890
0.105582540142826
0.346547366603634
0.105140231043562
0.338775139713549
0.104815352950967
0.331550364739008
0.104590024267823
0.324785924241485
0.104449749117134
0.318409753195867
0.104382778177981
0.312362660385460
0.104379661342190
0.306596444383661
0.104432877215468
0.301072195357858
0.104536515260668
0.295758763160884
0.104686000717540
0.290631387478480
0.104877856621955
0.285670488671665
0.105109499111017
0.280860616746480
0.105379063036353
0.276189552987842
0.105685255201701
0.271647555565054
0.106027232587114
0.267226737686007
0.106404502905209
0.262920565057681
0.106816844855298
0.258723458595901
0.107264245539059
0.254630488400911
0.107746852676953
0.250637145751547
0.108264939497166
0.246739181013850
0.108818880429425
0.242932496676035
0.109409135996639
0.239213086028376
0.110036245535528
0.235577009182206
0.110700826578674
0.232020399103774
0.111403579887712
0.228539491112401
0.112145299240662
0.225130669880801
0.112926885150687
0.221790528425210
0.113749361737523
0.218515933942608
0.114613895997258
0.215304095702152
0.115521818732228
0.212152630582148
0.116474646421282
0.209059622304090
0.117474103340370
0.206023670976286
0.118522143290747
0.203043930227653
0.119620970360361
0.200120129974930
0.120773058233258
0.197252583694853
0.121981167669044
0.194442179925499
0.123248361894077
0.191690358549718
0.124578019770617
0.188999073169117
0.125973846732209
0.186370741518171
0.127439883593697
0.183808186400943
0.128980513575239
0.181314570584929
0.130600469863550
0.178893337824072
0.132304872441070
0.176548287833530
0.134099685850435
0.174285467481491
0.135997982426682
0.172139430540703
0.138106018416537
0.170526245786040
0.141805203009467
0.174949179413660
0.165486911133137
0.246820967881874
0.330939867548112
0.268406380459750
0.281181112229295
0.140005297208739
0.220197096991738
0.126668925739104
0.221575225797214
0.126120803168825
0.227500878194907
0.126435775297352
0.233996881968968
0.126922516777609
0.240843339433971
0.127545750232843
0.248038791244950
0.128308485981692
0.255594293602932
0.129216435642332
0.263520899922964
0.130275892023052
0.271828643664496
0.131493604580756
0.280526214650889
0.132876772093452
0.289620660763500
0.134433033095500
0.299117074367395
0.136170443567307
0.309018264338694
0.138097438177111
0.319324418472538
0.140222771634172
0.330032762615591
0.142555436661700
0.341137224528873
0.145104555234826
0.352628112506015
0.147879240200085
0.364491821277278
0.150888425377642
0.376710580930891
0.154140664115963
0.389262269270889
0.157643900253286
0.402120318078451
0.161405226749108
0.415253777138010
0.165430688040870
0.428627731685146
0.169725339961189
0.442204779414257
0.174294369211480
0.455950096712145
0.179148100867881
0.469848521206004
0.184320068986698
0.483959160129863
0.189925172585571
0.498576484725642
0.196328971125951
0.514657735946688
0.204587503741290
0.534786542641373
0.217412388132728
0.564676762165314
0.240632946413558
0.612969637163158
0.283132355684396
0.682493726079632
0.349196240953575
0.756734500322420
0.423073920916306
0.812089220343826
0.477354536119797
0.842067391719391
0.505575148657982
0.854943657713177
0.517517885686177
0.860034294788127
0.522133627200370
0.862415428111930
0.523930010744706
0.864027406958284
0.524705889587577
0.865431507786475
0.525105498254293
0.866751518949871
0.525358257444981
0.868026253804402
0.525563036030221
0.869310915687423
0.525788231636145
0.870703367712573
0.526110054324729
0.872358937556694
0.526632947909242
0.874506054701825
0.527502246503865
0.877452280703069
0.528901263749502
0.881551915425062
0.531005302973255
0.887078924071071
0.533833672642464
0.893914917071520
0.536903563649896
0.900967039153747
0.538589489185193
0.905383782875791
0.535189050956947
0.901952276076163
0.519860974824944
0.883123129034953
0.482340954050667
0.840170041708518
0.415112747306501
0.769210646588551
0.332635735875481
0.683833357694729
0.266673071310922
0.612617137189805
0.227936370636938
0.568565110684797
0.207998343746277
0.543790189398291
0.197177383519619
0.528064564893123
0.190073783006373
0.515746030567703
0.184413413361965
0.504526991322008
0.179372971655346
0.493613999578996
0.174683174209089
0.482780496296689
0.170262056409064
0.471986726502226
0.166084561590280
0.461246486632174
0.162140722126071
0.450584973769099
0.158423539592031
0.440026812216039
0.154925930095212
0.429593244860898
0.151640195011901
0.419301916017849
0.148558118929259
0.409167339618405
0.145671185213559
0.399201517140427
0.142970781627309
0.389414543641259
0.140448367107612
0.379815141746626
0.138095595999406
0.370411096604597
0.135904403057234
0.361209581338771
0.133867054871370
0.352217374110333
0.131976174335802
0.343440977705076
0.130224746885687
0.334886672429018
0.128606141093352
0.326560700685502
0.127114472224625
0.318471817672116
0.125749441773833
0.310664910248271
0.124580968190008
0.303674911689100
0.124649095781050
0.304896995950558
0.140918540498464
0.416087094128045
0.361837077590710
1.331696433262345
1.362628204533922
1.905134280017913
1.687484874938128
1.991279556542757
1.720639686447271
2.000797482266969
1.722518407572943
2.003054376824127
1.721486961879040
2.004567182502631
1.720112138368025
2.005920714664480
1.718631086547680
2.007173970156592
1.717073949032034
2.008339074377573
1.715451603512497
2.009423362703997
1.713772123177086
2.010433064330178
1.712042153013026
2.011373626488639
1.710266980953934
2.012249753025892
1.708450520265540
2.013065427318115
1.706595312596019
2.013823943454588
1.704702562337117
2.014527947521767
1.702772202665477
2.015179488322118
1.700802991140547
2.015780076128161
1.698792631060531
2.016330747584047
1.696737913418106
2.016832134521233
1.694634873290500
2.017284534259086
1.692478953894371
2.017687978918383
1.690265171346537
2.018042301374070
1.687988273366883
2.018347195687720
1.685642885671529
2.018602270153697
1.683223640533813
2.018807091422349
1.680725282817938
2.018961218481628
1.678142749583870
2.019064225537999
1.675471219988760
2.019115712993821
1.672706132542932
2.019115305732594
1.669843166705521
2.019062637764184
1.666878185238335
2.018957321928636
1.663807132623245
2.018798902802928
1.660625883181625
2.018586790210685
1.657330030369354
2.018320169834271
1.653914606188542
2.017997886431183
1.650373716978836
2.017618294150937
1.646700079342291
2.017179067549371
1.642884438018036
2.016676966237088
1.638914846609310
2.016107545807421
1.634775792615535
2.015464807862076
1.630447150556996
2.014740782602800
1.625902951164072
2.013925038460431
1.621109960287935
2.013004114266576
1.616026067470681
2.011960869969256
1.610598489444372
2.010773751006467
1.604761796015470
2.009415957994482
1.598435761806015
2.007854505213482
1.591523030432132
2.006049129523414
1.583906509792617
2.003950908986387
1.575445987560723
2.001499712490423
1.565970061507992
1.998613674517725
1.555231895962504
1.995116675836849
1.542579075070549
1.990187674425122
1.524437639961767
1.978301908270192
1.476218825264287
1.922678348772493
1.248087671992704
