0.258163116633821
1.256055030929824
0.804115482998711
1.769822162066575
1.402701018581858
1.944457801033087
1.539320822904116
1.977020878211948
1.571033245873950
1.985128462657919
1.586734697388827
1.989474721257980
1.599205880087122
1.992917165628352
1.610252760779654
1.995883369455781
1.620257488749940
1.998484847237756
1.629404823689788
2.000784824904812
1.637834070783712
2.002832049454275
1.645659749392369
2.004666110239881
1.652976566828524
2.006319219853729
1.659862337821667
2.007817417502329
1.666380448842229
2.009181569465431
1.672582071936797
2.010428233699199
1.678508162089434
2.011570411911642
1.684191245323928
2.012618201957666
1.689656999671728
2.013579359409762
1.694925632170241
2.014459775654122
1.700013058562752
2.015263879561630
1.704931896471378
2.015994969960301
1.709692286368044
2.016655486350015
1.714302557093552
2.017247225325415
1.718769753815761
2.017771509935002
1.723100046303189
2.018229318727297
1.727299034500970
2.018621380590785
1.731371966960371
2.018948240770927
1.735323885996262
2.019210302724583
1.739159711771173
2.019407849810502
1.742884275993948
2.019541050252051
1.746502314663485
2.019609948360583
1.750018428306435
2.019614444672515
1.753437017425574
2.019554267414184
1.756762200333653
2.019428937541190
1.759997720118838
2.019237729474615
1.763146847091664
2.018979629546239
1.766212282625252
2.018653294042846
1.769196069761982
2.018257008585798
1.772099515283231
2.017788650383368
1.774923127111528
2.017245654645519
1.777666569948654
2.016624986157573
1.780328640983780
2.015923116682002
1.782907266385013
2.015136008513152
1.785399518179123
2.014259104168488
1.787801650093247
2.013287321880729
1.790109150030131
2.012215056248529
1.792316805989761
2.011036182728851
1.794418779638224
2.009744058224713
1.796408652540177
2.008331424184655
1.798279017236607
2.006788948674396
1.800014857433602
2.005085200778595
1.801502797474168
2.002894002352853
1.801303784958410
1.995902753775013
1.780286439543463
1.928002796897042
1.515230758450180
1.343999286304864
0.390363355659983
0.360541715160657
0.142729358898970
0.264268501132559
0.128194935674863
0.264420405842543
0.128060411290405
0.270262791587070
0.128830741040969
0.276636442752494
0.129759706488692
0.283246675306771
0.130809618209631
0.290077372377949
0.131984078595714
0.297128993544988
0.133289562333541
0.304402990291151
0.134733127545284
0.311900819500979
0.136322287542856
0.319623831581403
0.138065009641291
0.327573178442484
0.139969711145126
0.335749679763024
0.142045240852198
0.344153638651600
0.144300841839506
0.352784603827234
0.146746091626047
0.361641079163732
0.149390815825594
0.370720185783697
0.152244971647933
0.380017286937488
0.155318498227072
0.389525591492723
0.158621131924635
0.399235757853864
0.162162186849488
0.409135526994716
0.165950305147461
0.419209424793902
0.169993193717635
0.429438608647971
0.174297407660714
0.439801068926048
0.178868409590927
0.450272917521078
0.183711762171325
0.460833338117938
0.188838469612266
0.471481644744003
0.194284220376763
0.482291623721417
0.200171155749348
0.493570095535284
0.206887171297162
0.506271907657006
0.215550492003219
0.522920754429535
0.229027385365342
0.549010192963170
0.253478127496300
0.592705652163862
0.298344357214921
0.656551994609931
0.368514740697433
0.725473463141950
0.448203742623417
0.778833445848633
0.508872394693565
0.810819897693408
0.542790987181437
0.827168132073745
0.558915456866354
0.834651821692344
0.566013038496138
0.837545029379663
0.568969527899955
0.838183034363216
0.570131845488097
0.837792666215302
0.570574426602782
0.836975553252091
0.570763568930848
0.835982715692757
0.570874696153020
0.834871341917015
0.570939824564992
0.833583688201816
0.570911229543917
0.831976403361699
0.570685239048597
0.829825694570715
0.570112153461232
0.826832688564975
0.569009935070022
0.822655523615275
0.567192367711110
0.816998582223482
0.564506501634711
0.809780164196259
0.560827619366798
0.801325487012201
0.555832801754815
0.792277226742992
0.548092147837483
0.782437384820802
0.532753236151802
0.767778318486514
0.498670701236866
0.737991817522370
0.434044056094892
0.683439997948423
0.350832918486831
0.611993036572084
0.282784543215329
0.548797835915867
0.242410605451939
0.507232546776636
0.221493285121887
0.481810602165266
0.210087593893474
0.464202757369945
0.202597063455627
0.449731669717603
0.196659046092178
0.436479222966798
0.191415125558876
0.423778134579755
0.186580724486457
0.411426617143687
0.182065520501479
0.399376886928752
0.177838868174326
0.387627173082851
0.173886672281870
0.376187605890990
0.170198793097689
0.365070180586325
0.166765751104278
0.354285923372991
0.163578031188975
0.343844080668214
0.160626048163787
0.333751871631034
0.157900254144534
0.324014418403953
0.155391257036214
0.314634753636592
0.153089919189960
0.305613875871674
0.150987430422732
0.296950840836927
0.149075356402384
0.288642881393753
0.147345665613262
0.280685550508672
0.145790739081081
0.273072883108252
0.144403369362198
0.265797583230701
0.143176780661451
0.258851365158343
0.142105015429737
0.252227096055181
0.141188079748835
0.245944207992622
0.140500977602636
0.240389513877280
0.141156993178392
0.241042672065967
0.158503142971615
0.310429726851071
0.298775170796624
0.347246089400099
0.310573944252686
0.177996020160478
0.213812798037279
0.147033351860530
0.204877235278465
0.142605950185806
0.205874162529597
0.140662446169332
0.207819707452130
0.139006740394357
0.209900188915089
0.137441852963479
0.212037363419965
0.135945720865538
0.214218881624474
0.134511935997746
0.216438815846421
0.133135865011343
0.218692458274426
0.131813434308955
0.220975926627326
0.130541013887444
0.223286180667957
0.129315393111327
0.225621056748191
0.128133760694688
0.227979283473007
0.126993681301972
0.230360474129276
0.125893068379696
0.232765095546197
0.124830153684420
0.235194414566824
0.123803454242107
0.237650424528093
0.122811737645789
0.240135755184759
0.121853986704619
0.242653570316575
0.120929364496517
0.245207457783074
0.120037180850788
0.247801317020147
0.119176861204454
0.250439248921878
0.118347918650005
0.253125452762795
0.117549929839857
0.255864134356556
0.116782515253539
0.258659429101004
0.116045324187029
0.261515343020780
0.115338024708682
0.264435714485424
0.114660298759659
0.267424199047992
0.114011842572488
0.270484279902955
0.113392372649539
0.273619306872100
0.112801637689332
0.276832567639191
0.112239437072570
0.280127396180231
0.111705646814590
0.283507324943016
0.111200254241228
0.286976289227003
0.110723403026040
0.290538894244024
0.110275450603609
0.294200757270580
0.109857040302905
0.297968938833908
0.109469190778280
0.301852477662869
0.109113405409143
0.305863043840024
0.108791804264661
0.310015722952591
0.108507280993317
0.314329940980432
0.108263686661648
0.318830535406498
0.108066042273319
0.323548973230933
0.107920781687569
0.328524712340048
0.107836027272854
0.333806700637131
0.107821902353681
0.339455009625588
0.107890888124667
0.345542609717106
0.108058241037938
0.352157332602038
0.108342519655701
0.359404285378027
0.108766492697168
0.367410689772739
0.109360477459681
0.376349191624278
0.110184440226484
0.386609359314859
0.111496551634634
0.400131961483515
0.115035222288871
0.430540201892384
0.133700347322300
0.575931405091146
