0.172978477952882
0.172978477952882
0.172978477952882
0.172978477952882
0.172978477952882
0.172978477952882
0.172978477952882
0.172978477952882
0.172978477952882
0.172978477952882
0.172978477952882
0.172978477952882
0.172978477952882
0.172978477952882
0.172978477952882
0.172978477952882
0.172978477952882
0.172978477952882
0.172978477952882
0.172978477952882
0.172978477952882
0.172978477952881
0.172978477952879
0.172978477952875
0.172978477952862
0.172978477952829
0.172978477952738
0.172978477952489
0.172978477951814
0.172978477949980
0.172978477944993
0.172978477931438
0.172978477894592
0.172978477794433
0.172978477522173
0.172978476782094
0.172978474770351
0.172978469301877
0.172978454437105
0.172978414031048
0.172978304200307
0.172978005681256
0.172977194457639
0.172974991060324
0.172969014410837
0.172952862211174
0.172909638811849
0.172796963538274
0.172522249165499
0.171949150680806
0.171064813507232
0.170180476333659
0.169607377848965
0.169332663476191
0.169219988202616
0.169176764803291
0.169160612603628
0.169154635954141
0.169152432556826
0.169151621333209
0.169151322814157
0.169151212983417
0.169151172577360
0.169151157712587
0.169151152244114
0.169151150232371
0.169151149492292
0.169151149220032
0.169151149119873
0.169151149083027
0.169151149069472
0.169151149064485
0.169151149062651
0.169151149061976
0.169151149061727
0.169151149061636
0.169151149061603
0.169151149061590
0.169151149061586
0.169151149061584
0.169151149061583
0.169151149061583
0.169151149061583
0.169151149061583
0.169151149061583
0.169151149061583
0.169151149061583
0.169151149061583
0.169151149061583
0.169151149061583
0.169151149061583
0.169151149061583
0.169151149061583
0.169151149061583
0.169151149061583
0.169151149061583
0.169151149061583
0.169151149061583
0.169151149061583
0.169151149061583
0.169151149061583
0.169151149061583
0.169151149061583
0.169151149061583
0.169151149061583
0.169151149061583
0.169151149061583
0.169151149061583
0.169151149061583
0.169151149061583
0.169151149061583
0.169151149061583
0.169151149061583
0.169151149061583
0.169151149061583
0.169151149061583
0.169151149061584
0.169151149061586
0.169151149061590
0.169151149061602
0.169151149061634
0.169151149061721
0.169151149061957
0.169151149062600
0.169151149064346
0.169151149069094
0.169151149082001
0.169151149117084
0.169151149212451
0.169151149471685
0.169151150176356
0.169151152091849
0.169151157298700
0.169151171452388
0.169151209926096
0.169151314508451
0.169151598792561
0.169152371555382
0.169154472131357
0.169160182006399
0.169175702446706
0.169217886876217
0.169332522794308
0.169643890053221
0.170488464454653
0.172770969793485
0.178878970052317
0.194801378074421
0.233621912465747
0.314607807779289
0.439575574530791
0.564543341282294
0.645529236595836
0.684349770987162
0.700272179009266
0.706380179268098
0.708662684606930
0.709507259008362
0.709818626267275
0.709933262185366
0.709975446614877
0.709990967055184
0.709996676930226
0.709998777506201
0.709999550269022
0.709999834553132
0.709999939135487
0.709999977609195
0.709999991762883
0.709999996969734
0.709999998885227
0.709999999589898
0.709999999849132
0.709999999944499
0.709999999979582
0.709999999992489
0.709999999997237
0.709999999998983
0.709999999999626
0.709999999999862
0.709999999999949
0.709999999999981
0.709999999999993
0.709999999999997
0.709999999999999
0.710000000000000
0.710000000000000
0.710000000000000
0.710000000000000
0.710000000000000
0.710000000000000
0.710000000000000
0.710000000000000
0.710000000000000
0.710000000000000
0.710000000000000
0.710000000000000
0.710000000000000
0.710000000000000
0.710000000000000
0.710000000000000
0.710000000000000
0.710000000000000
0.710000000000000
0.710000000000000
0.710000000000000
0.710000000000000
0.710000000000000
0.710000000000000
0.710000000000000
0.710000000000000
0.710000000000000
0.710000000000000
0.710000000000000
0.710000000000000
0.710000000000001
0.710000000000002
0.710000000000006
0.710000000000015
0.710000000000041
0.710000000000111
0.710000000000302
0.710000000000820
0.710000000002230
0.710000000006062
0.710000000016479
0.710000000044794
0.710000000121763
0.710000000330986
0.710000000899714
0.710000002445676
0.710000006648036
0.710000018071236
0.710000049122712
0.710000133529365
0.710000362970377
0.710000986655262
0.710002682003237
0.710007290412347
0.710019817186188
0.710053867151240
0.710146414677094
0.710397911988215
0.711081014018468
0.712933907897975
0.717941447985731
0.731341660301457
0.766273493803802
0.851441041447807
1.029114280772142
1.303278415698416
1.577442550624690
1.755115789949024
1.840283337593030
1.875215171095374
1.888615383411101
1.893622923498857
1.895475817378364
1.896158919408617
1.896410416719738
1.896502964245592
1.896537014210644
1.896549540984484
1.896554149393595
1.896555844741570
1.896556468426455
1.896556697867467
1.896556782274120
1.896556813325596
1.896556824748796
1.896556828951156
1.896556830497118
1.896556831065846
1.896556831275069
1.896556831352038
1.896556831380353
1.896556831390770
1.896556831394602
1.896556831396011
1.896556831396530
1.896556831396721
1.896556831396791
1.896556831396817
1.896556831396826
1.896556831396830
1.896556831396831
1.896556831396832
1.896556831396832
1.896556831396832
1.896556831396832
1.896556831396832
1.896556831396832
1.896556831396832
1.896556831396832
1.896556831396832
1.896556831396832
1.896556831396832
1.896556831396832
1.896556831396832
1.896556831396832
1.896556831396832
1.896556831396832
1.896556831396832
1.896556831396832
1.896556831396832
1.896556831396832
1.896556831396832
1.896556831396832
1.896556831396832
1.896556831396832
1.896556831396832
1.896556831396832
1.896556831396832
1.896556831396832
1.896556831396832
1.896556831396832
1.896556831396831
1.896556831396829
1.896556831396824
1.896556831396810
1.896556831396773
1.896556831396671
1.896556831396393
1.896556831395640
1.896556831393592
1.896556831388026
1.896556831372895
1.896556831331764
1.896556831219961
1.896556830916045
1.896556830089918
1.896556827844272
1.896556821739973
1.896556805146769
1.896556760041765
1.896556637433663
1.896556304150375
1.896555398193123
1.896552935550800
1.896546241430488
1.896528045187663
1.896478584613044
1.896344151176730
1.895978829171135
1.894986563279284
1.892295071647832
1.885021178420907
1.865556189245673
1.814814622994800
1.691101255332243
1.433015219179060
1.034767654674857
0.636520090170654
0.378434054017471
0.254720686354914
0.203979120104041
0.184514130928807
0.177240237701882
0.174548746070430
0.173556480178579
0.173191158172984
0.173056724736670
0.173007264162051
0.172989067919226
0.172982373798914
0.172979911156591
0.172979005199339
0.172978671916051
0.172978549307949
0.172978504202945
0.172978487609741
0.172978481505442
0.172978479259796
0.172978478433669
0.172978478129754
0.172978478017949
0.172978477976819
0.172978477961688
0.172978477956122
0.172978477954074
0.172978477953320
0.172978477953043
0.172978477952941
0.172978477952904
0.172978477952890
0.172978477952885
0.172978477952883
0.172978477952882
0.172978477952882
0.172978477952882
0.172978477952882
0.172978477952882
0.172978477952882
0.172978477952882
0.172978477952882
0.172978477952882
0.172978477952882
0.172978477952882
0.172978477952882
0.172978477952882
0.172978477952882
