2.394394 0.001944 -0.360000 -1.085110
2.380030 0.018981 -0.350000 -1.105627
2.365666 0.036018 -0.340000 -1.120045
2.351302 0.053055 -0.330000 -1.131783
2.336938 0.070092 -0.320000 -1.141780
2.322575 0.087129 -0.310000 -1.150498
2.308211 0.104166 -0.300000 -1.158213
2.293847 0.121202 -0.290000 -1.165110
2.279483 0.138239 -0.280000 -1.171321
2.265119 0.155276 -0.270000 -1.176945
2.250755 0.172313 -0.260000 -1.182059
2.236391 0.189350 -0.250000 -1.186724
2.222027 0.206387 -0.240000 -1.190992
2.207663 0.223424 -0.230000 -1.194905
2.193300 0.240461 -0.220000 -1.198497
2.178936 0.257498 -0.210000 -1.201800
2.164572 0.274535 -0.200000 -1.204841
2.150208 0.291572 -0.190000 -1.207641
2.135844 0.308609 -0.180000 -1.210222
2.121480 0.325646 -0.170000 -1.212603
2.107116 0.342683 -0.160000 -1.214798
2.092752 0.359720 -0.150000 -1.216823
2.078388 0.376757 -0.140000 -1.218691
2.064025 0.393794 -0.130000 -1.220413
2.049661 0.410831 -0.120000 -1.222001
2.035297 0.427868 -0.110000 -1.223465
2.020933 0.444905 -0.100000 -1.224813
2.006569 0.461941 -0.090000 -1.226055
1.992205 0.478978 -0.080000 -1.227197
1.977841 0.496015 -0.070000 -1.228248
1.963477 0.513052 -0.060000 -1.229213
1.949113 0.530089 -0.050000 -1.230100
1.934750 0.547126 -0.040000 -1.230914
1.920386 0.564163 -0.030000 -1.231659
1.906022 0.581200 -0.020000 -1.232343
1.891658 0.598237 -0.010000 -1.232968
1.877294 0.615274 0.000000 -1.233540
1.862930 0.632311 0.010000 -1.234063
1.848566 0.649348 0.020000 -1.234540
1.834202 0.666385 0.030000 -1.234977
1.819838 0.683422 0.040000 -1.235375
1.805475 0.700459 0.050000 -1.235738
1.791111 0.717496 0.060000 -1.236070
1.776747 0.734533 0.070000 -1.236373
1.762383 0.751570 0.080000 -1.236651
1.748019 0.768607 0.090000 -1.236906
1.733655 0.785644 0.100000 -1.237140
1.719291 0.802680 0.110000 -1.237356
1.704927 0.819717 0.120000 -1.237556
1.690563 0.836754 0.130000 -1.237743
1.676200 0.853791 0.140000 -1.237918
1.661836 0.870828 0.150000 -1.238083
1.647472 0.887865 0.160000 -1.238240
1.633108 0.904902 0.170000 -1.238392
1.618744 0.921939 0.180000 -1.238539
1.604380 0.938976 0.190000 -1.238684
1.590016 0.956013 0.200000 -1.238827
1.575652 0.973050 0.210000 -1.238970
1.561288 0.990087 0.220000 -1.239116
1.546925 1.007124 0.230000 -1.239264
1.532561 1.024161 0.240000 -1.239416
1.518197 1.041198 0.250000 -1.239574
1.503833 1.058235 0.260000 -1.239738
1.489469 1.075272 0.270000 -1.239910
1.475105 1.092309 0.280000 -1.240090
1.460741 1.109346 0.290000 -1.240280
1.446377 1.126383 0.300000 -1.240480
1.432013 1.143419 0.310000 -1.240691
1.417650 1.160456 0.320000 -1.240915
1.403286 1.177493 0.330000 -1.241151
1.388922 1.194530 0.340000 -1.241401
1.374558 1.211567 0.350000 -1.241665
1.360194 1.228604 0.360000 -1.241944
1.345830 1.245641 0.370000 -1.242239
1.331466 1.262678 0.380000 -1.242549
1.317102 1.279715 0.390000 -1.242876
1.302738 1.296752 0.400000 -1.243219
1.288375 1.313789 0.410000 -1.243580
1.274011 1.330826 0.420000 -1.243959
1.259647 1.347863 0.430000 -1.244356
1.245283 1.364900 0.440000 -1.244771
1.230919 1.381937 0.450000 -1.245204
1.216555 1.398974 0.460000 -1.245657
1.202191 1.416011 0.470000 -1.246128
1.187827 1.433048 0.480000 -1.246619
1.173463 1.450085 0.490000 -1.247129
1.159099 1.467122 0.500000 -1.247658
1.144736 1.484158 0.510000 -1.248207
1.130372 1.501195 0.520000 -1.248775
1.116008 1.518232 0.530000 -1.249362
1.101644 1.535269 0.540000 -1.249969
1.087280 1.552306 0.550000 -1.250596
1.072916 1.569343 0.560000 -1.251241
1.058552 1.586380 0.570000 -1.251905
1.044188 1.603417 0.580000 -1.252588
1.029824 1.620454 0.590000 -1.253290
1.015461 1.637491 0.600000 -1.254010
1.001097 1.654528 0.610000 -1.254747
0.986733 1.671565 0.620000 -1.255503
0.972369 1.688602 0.630000 -1.256275
0.958005 1.705639 0.640000 -1.257064
0.943641 1.722676 0.650000 -1.257869
0.929277 1.739713 0.660000 -1.258690
0.914913 1.756750 0.670000 -1.259526
0.900549 1.773787 0.680000 -1.260377
0.886186 1.790824 0.690000 -1.261241
0.871822 1.807861 0.700000 -1.262118
0.857458 1.824897 0.710000 -1.263008
0.843094 1.841934 0.720000 -1.263909
0.828730 1.858971 0.730000 -1.264821
0.814366 1.876008 0.740000 -1.265742
0.800002 1.893045 0.750000 -1.266672
0.785638 1.910082 0.760000 -1.267610
0.771274 1.927119 0.770000 -1.268554
0.756911 1.944156 0.780000 -1.269503
0.742547 1.961193 0.790000 -1.270457
0.728183 1.978230 0.800000 -1.271413
0.713819 1.995267 0.810000 -1.272371
0.699455 2.012304 0.820000 -1.273329
0.685091 2.029341 0.830000 -1.274285
0.670727 2.046378 0.840000 -1.275237
0.656363 2.063415 0.850000 -1.276185
0.641999 2.080452 0.860000 -1.277125
0.627636 2.097489 0.870000 -1.278057
0.613272 2.114526 0.880000 -1.278977
0.598908 2.131563 0.890000 -1.279884
0.584544 2.148600 0.900000 -1.280776
0.570180 2.165636 0.910000 -1.281650
0.555816 2.182673 0.920000 -1.282503
0.541452 2.199710 0.930000 -1.283333
0.527088 2.216747 0.940000 -1.284136
0.512724 2.233784 0.950000 -1.284911
0.498361 2.250821 0.960000 -1.285652
0.483997 2.267858 0.970000 -1.286357
0.469633 2.284895 0.980000 -1.287022
0.455269 2.301932 0.990000 -1.287643
0.440905 2.318969 1.000000 -1.288215
0.426541 2.336006 1.010000 -1.288735
0.412177 2.353043 1.020000 -1.289196
0.397813 2.370080 1.030000 -1.289594
0.383449 2.387117 1.040000 -1.289923
0.369086 2.404154 1.050000 -1.290177
0.354722 2.421191 1.060000 -1.290349
0.340358 2.438228 1.070000 -1.290432
0.325994 2.455265 1.080000 -1.290418
0.311630 2.472302 1.090000 -1.290298
0.297266 2.489339 1.100000 -1.290062
0.282902 2.506375 1.110000 -1.289702
0.268538 2.523412 1.120000 -1.289204
0.254174 2.540449 1.130000 -1.288556
0.239811 2.557486 1.140000 -1.287744
0.225447 2.574523 1.150000 -1.286752
0.211083 2.591560 1.160000 -1.285562
0.196719 2.608597 1.170000 -1.284153
0.182355 2.625634 1.180000 -1.282502
0.167991 2.642671 1.190000 -1.280581
0.153627 2.659708 1.200000 -1.278358
0.139263 2.676745 1.210000 -1.275796
0.124899 2.693782 1.220000 -1.272847
0.110536 2.710819 1.230000 -1.269455
0.096172 2.727856 1.240000 -1.265548
0.081808 2.744893 1.250000 -1.261033
0.067444 2.761930 1.260000 -1.255782
0.053080 2.778967 1.270000 -1.249613
0.038716 2.796004 1.280000 -1.242242
0.024352 2.813041 1.290000 -1.233162
0.009988 2.830078 1.300000 -1.221176
