-0.331519565529534
-0.331519565529033
-0.331519565529537
-0.331519565529031
-0.331519565529540
-0.331519565529028
-0.331519565529542
-0.331519565529026
-0.331519565529545
-0.331519565529023
-0.331519565529547
-0.331519565529020
-0.331519565529550
-0.331519565529018
-0.331519565529552
-0.331519565529016
-0.331519565529555
-0.331519565529013
-0.331519565529557
-0.331519565529011
-0.331519565529560
-0.331519565529008
-0.331519565529562
-0.331519565529006
-0.331519565529564
-0.331519565529005
-0.331519565529565
-0.331519565529003
-0.331519565529567
-0.331519565529001
-0.331519565529569
-0.331519565529000
-0.331519565529570
-0.331519565528998
-0.331519565529572
-0.331519565528997
-0.331519565529573
-0.331519565528995
-0.331519565529575
-0.331519565528994
-0.331519565529576
-0.331519565528992
-0.331519565529577
-0.331519565528991
-0.331519565529579
-0.331519565528990
-0.331519565529580
-0.331519565528988
-0.331519565529581
-0.331519565528987
-0.331519565529583
-0.331519565528985
-0.331519565529584
-0.331519565528984
-0.331519565529586
-0.331519565528982
-0.331519565529588
-0.331519565528980
-0.331519565529589
-0.331519565528979
-0.331519565529591
-0.331519565528977
-0.331519565529592
-0.331519565528976
-0.331519565529593
-0.331519565528975
-0.331519565529594
-0.331519565528975
-0.331519565529595
-0.331519565528975
-0.331519565529595
-0.331519565528975
-0.331519565529595
-0.331519565528975
-0.331519565529594
-0.331519565528975
-0.331519565529594
-0.331519565528975
-0.331519565529594
-0.331519565528976
-0.331519565529593
-0.331519565528976
-0.331519565529593
-0.331519565528977
-0.331519565529592
-0.331519565528977
-0.331519565529592
-0.331519565528977
-0.331519565529591
-0.331519565528978
-0.331519565529590
-0.331519565528979
-0.331519565529589
-0.331519565528980
-0.331519565529588
-0.331519565528981
-0.331519565529587
-0.331519565528982
-0.331519565529586
-0.331519565528984
-0.331519565529585
-0.331519565528985
-0.331519565529583
-0.331519565528987
-0.331519565529581
-0.331519565528989
-0.331519565529579
-0.331519565528991
-0.331519565529577
-0.331519565528993
-0.331519565529575
-0.331519565528995
-0.331519565529573
-0.331519565528998
-0.331519565529570
-0.331519565529000
-0.331519565529568
-0.331519565529003
-0.331519565529565
-0.331519565529005
-0.331519565529563
-0.331519565529008
-0.331519565529560
-0.331519565529010
-0.331519565529558
-0.331519565529013
-0.331519565529555
-0.331519565529016
-0.331519565529552
-0.331519565529018
-0.331519565529549
-0.331519565529022
-0.331519565529546
-0.331519565529025
-0.331519565529542
-0.331519565529029
-0.331519565529538
-0.331519565529033
-0.331519565529534
-0.331519565529037
-0.331519565529530
-0.331519565529041
-0.331519565529526
-0.331519565529045
-0.331519565529521
-0.331519565529050
-0.331519565529517
-0.331519565529054
-0.331519565529513
-0.331519565529058
-0.331519565529510
-0.331519565529061
-0.331519565529506
-0.331519565529064
-0.331519565529504
-0.331519565529066
-0.331519565529501
-0.331519565529069
-0.331519565529499
-0.331519565529071
-0.331519565529496
-0.331519565529074
-0.331519565529494
-0.331519565529077
-0.331519565529491
-0.331519565529080
-0.331519565529488
-0.331519565529083
-0.331519565529485
-0.331519565529086
-0.331519565529481
-0.331519565529090
-0.331519565529477
-0.331519565529094
-0.331519565529473
-0.331519565529097
-0.331519565529469
-0.331519565529102
-0.331519565529465
-0.331519565529106
-0.331519565529461
-0.331519565529110
-0.331519565529456
-0.331519565529115
-0.331519565529452
-0.331519565529120
-0.331519565529447
-0.331519565529124
-0.331519565529442
-0.331519565529129
-0.331519565529438
-0.331519565529134
-0.331519565529433
-0.331519565529138
-0.331519565529428
-0.331519565529143
-0.331519565529424
-0.331519565529148
-0.331519565529419
-0.331519565529153
-0.331519565529414
-0.331519565529158
-0.331519565529409
-0.331519565529162
-0.331519565529404
-0.331519565529168
-0.331519565529399
-0.331519565529173
-0.331519565529393
-0.331519565529178
-0.331519565529388
-0.331519565529183
-0.331519565529383
-0.331519565529189
-0.331519565529378
-0.331519565529194
-0.331519565529372
-0.331519565529200
-0.331519565529367
-0.331519565529205
-0.331519565529361
-0.331519565529210
-0.331519565529356
-0.331519565529216
-0.331519565529351
-0.331519565529221
-0.331519565529345
-0.331519565529227
-0.331519565529339
-0.331519565529233
-0.331519565529334
-0.331519565529238
-0.331519565529328
-0.331519565529244
-0.331519565529322
-0.331519565529250
-0.331519565529316
-0.331519565529257
-0.331519565529310
-0.331519565529263
-0.331519565529303
-0.331519565529269
-0.331519565529297
-0.331519565529276
-0.331519565529291
-0.331519565529282
-0.331519565529285
-0.331519565529287
-0.331519565529280
-0.331519565529292
-0.331519565529276
-0.331519565529296
-0.331519565529272
-0.331519565529300
-0.331519565529268
-0.331519565529303
-0.331519565529265
-0.331519565529307
-0.331519565529261
-0.331519565529310
-0.331519565529258
-0.331519565529313
-0.331519565529254
-0.331519565529317
-0.331519565529251
-0.331519565529320
-0.331519565529248
-0.331519565529323
-0.331519565529245
-0.331519565529326
-0.331519565529242
-0.331519565529329
-0.331519565529239
-0.331519565529332
-0.331519565529235
-0.331519565529336
-0.331519565529232
-0.331519565529339
-0.331519565529229
-0.331519565529342
-0.331519565529225
-0.331519565529346
-0.331519565529222
-0.331519565529349
-0.331519565529219
-0.331519565529352
-0.331519565529216
-0.331519565529355
-0.331519565529213
-0.331519565529358
-0.331519565529210
-0.331519565529361
-0.331519565529207
-0.331519565529363
-0.331519565529204
-0.331519565529366
-0.331519565529202
-0.331519565529369
-0.331519565529198
-0.331519565529373
-0.331519565529195
-0.331519565529376
-0.331519565529192
-0.331519565529379
-0.331519565529189
-0.331519565529382
-0.331519565529186
-0.331519565529385
-0.331519565529183
-0.331519565529387
-0.331519565529180
-0.331519565529391
-0.331519565529177
-0.331519565529393
-0.331519565529174
-0.331519565529397
-0.331519565529171
-0.331519565529400
-0.331519565529168
-0.331519565529403
-0.331519565529165
-0.331519565529406
-0.331519565529162
-0.331519565529409
-0.331519565529159
-0.331519565529413
-0.331519565529155
-0.331519565529416
-0.331519565529152
-0.331519565529419
-0.331519565529149
-0.331519565529421
-0.331519565529146
-0.331519565529424
-0.331519565529143
-0.331519565529428
-0.331519565529140
-0.331519565529431
-0.331519565529137
-0.331519565529434
-0.331519565529134
-0.331519565529437
-0.331519565529132
-0.331519565529439
-0.331519565529129
-0.331519565529441
-0.331519565529127
-0.331519565529444
-0.331519565529125
-0.331519565529446
-0.331519565529122
-0.331519565529449
-0.331519565529119
-0.331519565529452
-0.331519565529116
-0.331519565529455
-0.331519565529112
-0.331519565529459
-0.331519565529108
-0.331519565529463
-0.331519565529104
-0.331519565529467
-0.331519565529100
-0.331519565529471
-0.331519565529096
-0.331519565529475
-0.331519565529092
-0.331519565529478
-0.331519565529089
-0.331519565529482
-0.331519565529085
-0.331519565529486
-0.331519565529081
-0.331519565529489
-0.331519565529078
-0.331519565529493
-0.331519565529074
-0.331519565529496
-0.331519565529071
-0.331519565529500
-0.331519565529068
-0.331519565529503
-0.331519565529064
-0.331519565529507
-0.331519565529061
-0.331519565529510
-0.331519565529057
-0.331519565529513
-0.331519565529054
-0.331519565529516
-0.331519565529051
-0.331519565529519
-0.331519565529048
-0.331519565529522
-0.331519565529045
-0.331519565529526
-0.331519565529042
-0.331519565529529
-0.331519565529039
-0.331519565529532
-0.331519565529036
