-0.331519565528562
-0.331519565530010
-0.331519565528556
-0.331519565530015
-0.331519565528551
-0.331519565530020
-0.331519565528546
-0.331519565530026
-0.331519565528541
-0.331519565530031
-0.331519565528536
-0.331519565530035
-0.331519565528532
-0.331519565530039
-0.331519565528528
-0.331519565530043
-0.331519565528524
-0.331519565530047
-0.331519565528520
-0.331519565530050
-0.331519565528517
-0.331519565530054
-0.331519565528514
-0.331519565530057
-0.331519565528511
-0.331519565530060
-0.331519565528508
-0.331519565530063
-0.331519565528505
-0.331519565530066
-0.331519565528502
-0.331519565530069
-0.331519565528499
-0.331519565530072
-0.331519565528496
-0.331519565530074
-0.331519565528494
-0.331519565530077
-0.331519565528492
-0.331519565530079
-0.331519565528489
-0.331519565530081
-0.331519565528488
-0.331519565530083
-0.331519565528486
-0.331519565530085
-0.331519565528484
-0.331519565530086
-0.331519565528483
-0.331519565530088
-0.331519565528481
-0.331519565530089
-0.331519565528480
-0.331519565530089
-0.331519565528480
-0.331519565530090
-0.331519565528479
-0.331519565530091
-0.331519565528478
-0.331519565530092
-0.331519565528477
-0.331519565530093
-0.331519565528476
-0.331519565530094
-0.331519565528475
-0.331519565530094
-0.331519565528475
-0.331519565530095
-0.331519565528475
-0.331519565530095
-0.331519565528475
-0.331519565530095
-0.331519565528474
-0.331519565530095
-0.331519565528474
-0.331519565530095
-0.331519565528474
-0.331519565530095
-0.331519565528474
-0.331519565530096
-0.331519565528474
-0.331519565530096
-0.331519565528473
-0.331519565530096
-0.331519565528473
-0.331519565530096
-0.331519565528473
-0.331519565530096
-0.331519565528474
-0.331519565530096
-0.331519565528474
-0.331519565530095
-0.331519565528474
-0.331519565530095
-0.331519565528474
-0.331519565530095
-0.331519565528474
-0.331519565530095
-0.331519565528475
-0.331519565530094
-0.331519565528475
-0.331519565530093
-0.331519565528476
-0.331519565530093
-0.331519565528477
-0.331519565530092
-0.331519565528477
-0.331519565530092
-0.331519565528478
-0.331519565530091
-0.331519565528479
-0.331519565530090
-0.331519565528480
-0.331519565530089
-0.331519565528481
-0.331519565530088
-0.331519565528482
-0.331519565530087
-0.331519565528483
-0.331519565530085
-0.331519565528484
-0.331519565530084
-0.331519565528486
-0.331519565530083
-0.331519565528487
-0.331519565530082
-0.331519565528488
-0.331519565530080
-0.331519565528490
-0.331519565530079
-0.331519565528491
-0.331519565530078
-0.331519565528492
-0.331519565530076
-0.331519565528493
-0.331519565530075
-0.331519565528495
-0.331519565530073
-0.331519565528496
-0.331519565530072
-0.331519565528498
-0.331519565530071
-0.331519565528499
-0.331519565530070
-0.331519565528500
-0.331519565530069
-0.331519565528501
-0.331519565530068
-0.331519565528502
-0.331519565530066
-0.331519565528504
-0.331519565530065
-0.331519565528506
-0.331519565530062
-0.331519565528508
-0.331519565530060
-0.331519565528511
-0.331519565530057
-0.331519565528514
-0.331519565530054
-0.331519565528517
-0.331519565530051
-0.331519565528520
-0.331519565530047
-0.331519565528524
-0.331519565530044
-0.331519565528527
-0.331519565530040
-0.331519565528531
-0.331519565530037
-0.331519565528534
-0.331519565530033
-0.331519565528538
-0.331519565530029
-0.331519565528542
-0.331519565530025
-0.331519565528546
-0.331519565530022
-0.331519565528549
-0.331519565530018
-0.331519565528553
-0.331519565530014
-0.331519565528558
-0.331519565530009
-0.331519565528562
-0.331519565530005
-0.331519565528567
-0.331519565530000
-0.331519565528572
-0.331519565529995
-0.331519565528577
-0.331519565529990
-0.331519565528582
-0.331519565529984
-0.331519565528588
-0.331519565529978
-0.331519565528594
-0.331519565529972
-0.331519565528600
-0.331519565529966
-0.331519565528606
-0.331519565529960
-0.331519565528613
-0.331519565529953
-0.331519565528619
-0.331519565529947
-0.331519565528625
-0.331519565529940
-0.331519565528632
-0.331519565529934
-0.331519565528639
-0.331519565529927
-0.331519565528646
-0.331519565529919
-0.331519565528653
-0.331519565529912
-0.331519565528661
-0.331519565529904
-0.331519565528669
-0.331519565529897
-0.331519565528676
-0.331519565529889
-0.331519565528684
-0.331519565529881
-0.331519565528692
-0.331519565529873
-0.331519565528700
-0.331519565529866
-0.331519565528708
-0.331519565529858
-0.331519565528716
-0.331519565529849
-0.331519565528724
-0.331519565529841
-0.331519565528732
-0.331519565529833
-0.331519565528741
-0.331519565529824
-0.331519565528749
-0.331519565529816
-0.331519565528758
-0.331519565529807
-0.331519565528766
-0.331519565529799
-0.331519565528776
-0.331519565529789
-0.331519565528785
-0.331519565529778
-0.331519565528797
-0.331519565529767
-0.331519565528809
-0.331519565529752
-0.331519565528824
-0.331519565529736
-0.331519565528842
-0.331519565529719
-0.331519565528860
-0.331519565529700
-0.331519565528879
-0.331519565529680
-0.331519565528899
-0.331519565529661
-0.331519565528918
-0.331519565529641
-0.331519565528938
-0.331519565529622
-0.331519565528958
-0.331519565529602
-0.331519565528977
-0.331519565529582
-0.331519565528997
-0.331519565529562
-0.331519565529018
-0.331519565529542
-0.331519565529038
-0.331519565529521
-0.331519565529059
-0.331519565529501
-0.331519565529079
-0.331519565529480
-0.331519565529099
-0.331519565529460
-0.331519565529120
-0.331519565529440
-0.331519565529140
-0.331519565529419
-0.331519565529161
-0.331519565529398
-0.331519565529182
-0.331519565529378
-0.331519565529202
-0.331519565529357
-0.331519565529223
-0.331519565529336
-0.331519565529244
-0.331519565529315
-0.331519565529265
-0.331519565529294
-0.331519565529286
-0.331519565529274
-0.331519565529306
-0.331519565529253
-0.331519565529327
-0.331519565529232
-0.331519565529348
-0.331519565529212
-0.331519565529369
-0.331519565529191
-0.331519565529389
-0.331519565529170
-0.331519565529410
-0.331519565529150
-0.331519565529431
-0.331519565529128
-0.331519565529451
-0.331519565529108
-0.331519565529472
-0.331519565529088
-0.331519565529493
-0.331519565529067
-0.331519565529513
-0.331519565529046
-0.331519565529533
-0.331519565529026
-0.331519565529554
-0.331519565529006
-0.331519565529574
-0.331519565528985
-0.331519565529594
-0.331519565528965
-0.331519565529615
-0.331519565528945
-0.331519565529635
-0.331519565528925
-0.331519565529655
-0.331519565528905
-0.331519565529674
-0.331519565528885
-0.331519565529694
-0.331519565528865
-0.331519565529714
-0.331519565528846
-0.331519565529734
-0.331519565528826
-0.331519565529753
-0.331519565528806
-0.331519565529773
-0.331519565528788
-0.331519565529791
-0.331519565528770
-0.331519565529807
-0.331519565528755
-0.331519565529821
-0.331519565528742
-0.331519565529833
-0.331519565528731
-0.331519565529843
-0.331519565528721
-0.331519565529853
-0.331519565528712
-0.331519565529862
-0.331519565528703
-0.331519565529870
-0.331519565528694
-0.331519565529879
-0.331519565528686
-0.331519565529888
-0.331519565528677
-0.331519565529896
-0.331519565528669
-0.331519565529904
-0.331519565528661
-0.331519565529912
-0.331519565528654
-0.331519565529919
-0.331519565528646
-0.331519565529927
-0.331519565528639
-0.331519565529934
-0.331519565528632
-0.331519565529941
-0.331519565528625
-0.331519565529948
-0.331519565528618
-0.331519565529954
-0.331519565528611
-0.331519565529961
-0.331519565528604
-0.331519565529968
-0.331519565528598
-0.331519565529975
-0.331519565528591
-0.331519565529981
-0.331519565528585
-0.331519565529987
-0.331519565528579
-0.331519565529993
-0.331519565528573
-0.331519565529999
-0.331519565528567
-0.331519565530005
