1.364054490572378
1.378405437051196
1.386600757935905
1.391210439339926
1.393781203472139
1.395208054372153
1.395997899723350
1.396434482873089
1.396675605957812
1.396808717455814
1.396882183163729
1.396922724151875
1.396945094420179
1.396957437682456
1.396964248178344
1.396968005877461
1.396970079177855
1.396971223111360
1.396971854269816
1.396972202507301
1.396972394644897
1.396972500655432
1.396972559145970
1.396972591417694
1.396972609223379
1.396972619047533
1.396972624467937
1.396972627458605
1.396972629108684
1.396972630019102
1.396972630521419
1.396972630798569
1.396972630951484
1.396972631035853
1.396972631082404
1.396972631108088
1.396972631122259
1.396972631130077
1.396972631134391
1.396972631136771
1.396972631138085
1.396972631138809
1.396972631139209
1.396972631139429
1.396972631139551
1.396972631139618
1.396972631139656
1.396972631139676
1.396972631139687
1.396972631139693
1.396972631139697
1.396972631139699
1.396972631139700
1.396972631139700
1.396972631139701
1.396972631139701
1.396972631139701
1.396972631139701
1.396972631139701
1.396972631139701
1.396972631139701
1.396972631139701
1.396972631139701
1.396972631139701
1.396972631139701
1.396972631139701
1.396972631139701
1.396972631139701
1.396972631139701
1.396972631139701
1.396972631139701
1.396972631139701
1.396972631139701
1.396972631139701
1.396972631139701
1.396972631139701
1.396972631139701
1.396972631139701
1.396972631139701
1.396972631139701
1.396972631139701
1.396972631139701
1.396972631139701
1.396972631139701
1.396972631139701
1.396972631139701
1.396972631139701
1.396972631139701
1.396972631139701
1.396972631139701
1.396972631139701
1.396972631139701
1.396972631139701
1.396972631139701
1.396972631139701
1.396972631139701
1.396972631139701
1.396972631139701
1.396972631139701
1.396972631139701
1.396972631139701
1.396972631139701
1.396972631139701
1.396972631139701
1.396972631139701
1.396972631139701
1.396972631139701
1.396972631139701
1.396972631139701
1.396972631139701
1.396972631139701
1.396972631139701
1.396972631139701
1.396972631139701
1.396972631139701
1.396972631139700
1.396972631139700
1.396972631139699
1.396972631139697
1.396972631139693
1.396972631139687
1.396972631139676
1.396972631139656
1.396972631139618
1.396972631139551
1.396972631139429
1.396972631139209
1.396972631138809
1.396972631138085
1.396972631136771
1.396972631134391
1.396972631130077
1.396972631122259
1.396972631108088
1.396972631082404
1.396972631035853
1.396972630951484
1.396972630798569
1.396972630521419
1.396972630019102
1.396972629108684
1.396972627458605
1.396972624467937
1.396972619047533
1.396972609223379
1.396972591417694
1.396972559145970
1.396972500655432
1.396972394644897
1.396972202507301
1.396971854269816
1.396971223111360
1.396970079177855
1.396968005877461
1.396964248178344
1.396957437682456
1.396945094420179
1.396922724151875
1.396882183163729
1.396808717455814
1.396675605957812
1.396434482873089
1.395997899723350
1.395208054372153
1.393781203472139
1.391210439339926
1.386600757935905
1.378405437051196
1.364054490572378
1.339578700325652
1.299655209715726
1.239042428105025
1.156355559828512
1.058612155224534
0.960868750620557
0.878181882344044
0.817569100733343
0.777645610123417
0.753169819876691
0.738818873397873
0.730623552513164
0.726013871109144
0.723443106976930
0.722016256076916
0.721226410725719
0.720789827575980
0.720548704491257
0.720415592993255
0.720342127285340
0.720301586297194
0.720279216028890
0.720266872766613
0.720260062270725
0.720256304571608
0.720254231271214
0.720253087337709
0.720252456179253
0.720252107941768
0.720251915804172
0.720251809793637
0.720251637955250
0.720251604357539
0.720251543463735
0.720251433097448
0.720251233065393
0.720250870519923
0.720250213429922
0.720249022499721
0.720246864029402
0.720242951993666
0.720235861866321
0.720223012098775
0.720199724837904
0.720157525197896
0.720081064255015
0.719942560078554
0.719691781146785
0.719238083899070
0.718418482536279
0.716941802817215
0.714293943001776
0.709586446117864
0.701343079350337
0.687283873135151
0.664351310727281
0.629534555584722
0.582038163408256
0.525893104652267
0.469748045896279
0.422251653719812
0.387434898577254
0.364502336169384
0.350443129954197
0.342199763186671
0.337492266302759
0.334844406487320
0.333367726768256
0.332548125405465
0.332094428157750
0.331843649225981
0.331705145049520
0.331628684106639
0.331586484466631
0.331563197205760
0.331550347438214
0.331543257310869
0.331539345275133
0.331537186804814
0.331535995874613
0.331535338784612
0.331534976239142
0.331534776207087
0.331534665840800
0.331534604946996
0.331534571349285
0.331534552811995
0.331534542584182
0.331534536941063
0.331534533827513
0.331534532109636
0.331534531161809
0.331534530638853
0.331534530350316
0.331534530191118
0.331534530103281
0.331534530054818
0.331534530028079
0.331534530013326
0.331534530005186
0.331534530000695
0.331534529998217
0.331534529996850
0.331534529996096
0.331534529995679
0.331534529995450
0.331534529995323
0.331534529995253
0.331534529995215
0.331534529995193
0.331534529995182
0.331534529995175
0.331534529995171
0.331534529995169
0.331534529995171
0.331534529995175
0.331534529995182
0.331534529995193
0.331534529995215
0.331534529995253
0.331534529995323
0.331534529995450
0.331534529995679
0.331534529996096
0.331534529996850
0.331534529998217
0.331534530000695
0.331534530005186
0.331534530013326
0.331534530028079
0.331534530054818
0.331534530103281
0.331534530191118
0.331534530350316
0.331534530638853
0.331534531161809
0.331534532109636
0.331534533827513
0.331534536941063
0.331534542584182
0.331534552811995
0.331534571349285
0.331534604946996
0.331534665840800
0.331534776207087
0.331534976239142
0.331535338784612
0.331535995874613
0.331537186804814
0.331539345275133
0.331543257310869
0.331550347438214
0.331563197205759
0.331586484466631
0.331628684106639
0.331705145049520
0.331843649225981
0.332094428157750
0.332548125405465
0.333367726768256
0.334844406487320
0.337492266302759
0.342199763186671
0.350443129954197
0.364502336169384
0.387434898577254
0.422251653719812
0.469748045896279
0.525893104652267
0.582038163408256
0.629534555584722
0.664351310727281
0.687283873135151
0.701343079350337
0.709586446117864
0.714293943001776
0.716941802817215
0.718418482536279
0.719238083899070
0.719691781146785
0.719942560078554
0.720081064255015
0.720157525197896
0.720199724837904
0.720223012098775
0.720235861866321
0.720242951993666
0.720246864029402
0.720249022499721
0.720250213429922
0.720250870519923
0.720251233065393
0.720251433097448
0.720251543463735
0.720251604357539
0.720251682990464
0.720251685981132
0.720251691401536
0.720251701225690
0.720251719031375
0.720251751303099
0.720251809793637
0.720251915804172
0.720252107941768
0.720252456179253
0.720253087337709
0.720254231271214
0.720256304571608
0.720260062270725
0.720266872766613
0.720279216028890
0.720301586297194
0.720342127285340
0.720415592993255
0.720548704491257
0.720789827575980
0.721226410725719
0.722016256076916
0.723443106976930
0.726013871109144
0.730623552513164
0.738818873397873
0.753169819876691
0.777645610123417
0.817569100733343
0.878181882344044
0.960868750620557
1.058612155224534
1.156355559828512
1.239042428105025
1.299655209715726
1.339578700325652
