0.350433560861604
0.342190895720213
0.337483799510313
0.334836165064883
0.333359611031976
0.332540079428756
0.332086420797041
0.331835663210077
0.331697170822264
0.331620716387282
0.331578520339055
0.331555235060256
0.331542386386405
0.331535296862530
0.331531385159763
0.331529226873160
0.331528036044324
0.331527379010250
0.331527016495638
0.331526816480608
0.331526706123716
0.331526645235095
0.331526611640243
0.331526593104531
0.331526582877589
0.331526577234949
0.331526574121665
0.331526572403934
0.331526571456188
0.331526570933276
0.331526570644764
0.331526570485579
0.331526570397750
0.331526570349291
0.331526570322554
0.331526570307802
0.331526570299663
0.331526570295172
0.331526570292695
0.331526570291328
0.331526570290573
0.331526570290157
0.331526570289928
0.331526570289801
0.331526570289731
0.331526570289692
0.331526570289671
0.331526570289659
0.331526570289653
0.331526570289649
0.331526570289647
0.331526570289646
0.331526570289646
0.331526570289645
0.331526570289645
0.331526570289645
0.331526570289645
0.331526570289645
0.331526570289645
0.331526570289645
0.331526570289645
0.331526570289645
0.331526570289645
0.331526570289645
0.331526570289645
0.331526570289645
0.331526570289645
0.331526570289645
0.331526570289645
0.331526570289645
0.331526570289645
0.331526570289645
0.331526570289645
0.331526570289645
0.331526570289645
0.331526570289645
0.331526570289645
0.331526570289645
0.331526570289645
0.331526570289645
0.331526570289645
0.331526570289645
0.331526570289645
0.331526570289645
0.331526570289645
0.331526570289645
0.331526570289645
0.331526570289645
0.331526570289645
0.331526570289645
0.331526570289645
0.331526570289645
0.331526570289645
0.331526570289645
0.331526570289645
0.331526570289645
0.331526570289645
0.331526570289645
0.331526570289645
0.331526570289645
0.331526570289645
0.331526570289645
0.331526570289645
0.331526570289645
0.331526570289645
0.331526570289645
0.331526570289645
0.331526570289645
0.331526570289645
0.331526570289645
0.331526570289645
0.331526570289645
0.331526570289645
0.331526570289645
0.331526570289645
0.331526570289645
0.331526570289646
0.331526570289646
0.331526570289647
0.331526570289649
0.331526570289653
0.331526570289659
0.331526570289671
0.331526570289692
0.331526570289731
0.331526570289801
0.331526570289928
0.331526570290157
0.331526570290573
0.331526570291328
0.331526570292695
0.331526570295172
0.331526570299663
0.331526570307803
0.331526570322554
0.331526570349291
0.331526570397750
0.331526570485579
0.331526570644764
0.331526570933276
0.331526571456188
0.331526572403934
0.331526574121665
0.331526577234949
0.331526582877589
0.331526593104531
0.331526611640243
0.331526645235095
0.331526706123716
0.331526816480608
0.331527016495638
0.331527379010251
0.331528036044324
0.331529226873160
0.331531385159763
0.331535296862530
0.331542386386405
0.331555235060256
0.331578520339055
0.331620716387282
0.331697170822264
0.331835663210077
0.332086420797041
0.332540079428756
0.333359611031976
0.334836165064884
0.337483799510313
0.342190895720213
0.350433560861604
0.364491570441145
0.387422180966299
0.422235972714650
0.469728322281951
0.525868602305941
0.582008882329932
0.629501231897233
0.664315023645584
0.687245634170738
0.701303643750279
0.709546308891670
0.714253405101569
0.716901039547000
0.718377593579907
0.719197125183127
0.719650783814842
0.719901541401806
0.720040033789619
0.720116488224601
0.720158684272828
0.720181969551627
0.720194818225478
0.720201907749353
0.720205819452120
0.720207977738723
0.720209168567559
0.720209825601632
0.720210188116245
0.720210388131274
0.720210498488167
0.720210559376788
0.720210706318224
0.720210764810595
0.720210870824451
0.720211062968064
0.720211411216458
0.720212042394685
0.720213186364022
0.720215259729362
0.720219017546186
0.720225828255408
0.720238171904329
0.720260542873367
0.720301085131434
0.720374553140613
0.720507668808245
0.720748799445990
0.721185396271408
0.721975266363990
0.723402161959167
0.725973006618873
0.730582832418124
0.738778410015857
0.753129806028612
0.777606362963332
0.817531104150280
0.878145784416404
0.960835242804552
1.058581709156239
1.156328175507926
1.239017633896074
1.299632314162198
1.339557055349146
1.364033612283866
1.378385008296621
1.386580585894354
1.391190411693605
1.393761256353310
1.395188151948488
1.395978022041070
1.396414618866488
1.396655749504233
1.396788865171865
1.396862333181045
1.396902875439111
1.396925246408149
1.396937590057070
1.396944400766292
1.396948158583117
1.396950231948455
1.396951375917793
1.396952007096019
1.396952355344413
1.396952547488028
1.396952653501883
1.396952711994254
1.396952744266988
1.396952762073231
1.396952771897693
1.396952777318267
1.396952780309029
1.396952781959159
1.396952782869606
1.396952783371939
1.396952783649097
1.396952783802017
1.396952783886389
1.396952783932941
1.396952783958626
1.396952783972797
1.396952783980616
1.396952783984930
1.396952783987310
1.396952783988624
1.396952783989348
1.396952783989748
1.396952783989968
1.396952783990090
1.396952783990157
1.396952783990195
1.396952783990215
1.396952783990226
1.396952783990232
1.396952783990236
1.396952783990232
1.396952783990226
1.396952783990215
1.396952783990195
1.396952783990157
1.396952783990090
1.396952783989968
1.396952783989748
1.396952783989348
1.396952783988624
1.396952783987310
1.396952783984930
1.396952783980616
1.396952783972797
1.396952783958626
1.396952783932941
1.396952783886389
1.396952783802017
1.396952783649097
1.396952783371939
1.396952782869606
1.396952781959159
1.396952780309029
1.396952777318267
1.396952771897693
1.396952762073231
1.396952744266988
1.396952711994254
1.396952653501883
1.396952547488028
1.396952355344413
1.396952007096019
1.396951375917793
1.396950231948455
1.396948158583117
1.396944400766292
1.396937590057070
1.396925246408149
1.396902875439111
1.396862333181045
1.396788865171865
1.396655749504233
1.396414618866488
1.395978022041070
1.395188151948488
1.393761256353310
1.391190411693605
1.386580585894354
1.378385008296621
1.364033612283866
1.339557055349146
1.299632314162198
1.239017633896074
1.156328175507926
1.058581709156239
0.960835242804552
0.878145784416404
0.817531104150280
0.777606362963332
0.753129806028612
0.738778410015857
0.730582832418124
0.725973006618873
0.723402161959167
0.721975266363990
0.721185396271408
0.720748799445990
0.720507668808245
0.720374553140613
0.720301085131434
0.720260542873367
0.720238171904329
0.720225828255408
0.720219017546186
0.720215259729361
0.720213186364023
0.720212042394685
0.720211411216458
0.720211062968064
0.720210870824450
0.720210764810595
0.720210632207949
0.720210630490218
0.720210627376934
0.720210621734294
0.720210611507352
0.720210592971640
0.720210559376788
0.720210498488167
0.720210388131274
0.720210188116245
0.720209825601632
0.720209168567559
0.720207977738723
0.720205819452120
0.720201907749353
0.720194818225478
0.720181969551627
0.720158684272828
0.720116488224601
0.720040033789619
0.719901541401806
0.719650783814842
0.719197125183127
0.718377593579907
0.716901039547000
0.714253405101569
0.709546308891670
0.701303643750279
0.687245634170738
0.664315023645584
0.629501231897233
0.582008882329932
0.525868602305941
0.469728322281951
0.422235972714650
0.387422180966299
0.364491570441145
