0.720163648720823
0.720160144018357
0.720156634212811
0.720153117658747
0.720149593093972
0.720146058866261
0.720142513784190
0.720138956206134
0.720135385028960
0.720131798638605
0.720128196037231
0.720124575654722
0.720120936614872
0.720117277407150
0.720113597292487
0.720109894834688
0.720106169446342
0.720102419779296
0.720098645411206
0.720094845094486
0.720091018584009
0.720087164743977
0.720083283517254
0.720079373889627
0.720075436001232
0.720071468967711
0.720067473134163
0.720063447752726
0.720059393379484
0.720055309408008
0.720051196609629
0.720047054522528
0.720042884135735
0.720038685133394
0.720034458722834
0.720030204733662
0.720025924590223
0.720021618265210
0.720017287396812
0.720012932096552
0.720008554211396
0.720004153985579
0.719999733467913
0.719995293027390
0.719990834905905
0.719986359587458
0.719981869496492
0.719977365220547
0.719972849354361
0.719968322575897
0.719963787636327
0.719959245289363
0.719954698427222
0.719950147863255
0.719945596613935
0.719941045534813
0.719936497748563
0.719931954134316
0.719927417901757
0.719922889933942
0.719918373507401
0.719913869488593
0.719909381199913
0.719904909469986
0.719900457645456
0.719896026495354
0.719891619368491
0.719887236952188
0.719882882575067
0.719878556820456
0.719874262974325
0.719870001493739
0.719865775599641
0.719861585600744
0.719857434630830
0.719853322828530
0.719849253218732
0.719845225748748
0.719841243313377
0.719837305647997
0.719833415496763
0.719829572363196
0.719825778820962
0.719822034122541
0.719818340651961
0.719814697392189
0.719811106519100
0.719807566728247
0.719804079969295
0.719800644632830
0.719797262424373
0.719793931411919
0.719790653038555
0.719787425031373
0.719784248551601
0.719781120965530
0.719778043130892
0.719775012030385
0.719772028192869
0.719769088189958
0.719766192190383
0.719763336319981
0.719760520347286
0.719757739907036
0.719754994314671
0.719752278653183
0.719749591713735
0.719746927945233
0.719744285517675
0.719741658133220
0.719739043208044
0.719736433542869
0.719733825618039
0.719731211120307
0.719728585344407
0.719725938571370
0.719723264567924
0.719720551809498
0.719717792066211
0.719714971460843
0.719712079126720
0.719709098087024
0.719706013965221
0.719702805666802
0.719699454116632
0.719695932717045
0.719692216078044
0.719688270215989
0.719684061231175
0.719679545198243
0.719674676730316
0.719669398494513
0.719663649581120
0.719657354553644
0.719650431513536
0.719642780561906
0.719634291412630
0.719624831099220
0.719614250938396
0.719602373256795
0.719588997438717
0.719573885368194
0.719556766202706
0.719537320119686
0.719515181334574
0.719489919598066
0.719461040811552
0.719427965530421
0.719390026309205
0.719346442211735
0.719296311724962
0.719238581939436
0.719172035483306
0.719095252592857
0.719006590011060
0.718904133590391
0.718785666444946
0.718648608987862
0.718489972795061
0.718306284053429
0.718093518570877
0.717847003493925
0.717561327696385
0.717230215357813
0.716846404664951
0.716401485568665
0.715885738566083
0.715287928019492
0.714595092263119
0.713792284007404
0.712862304170653
0.711785383551682
0.710538857609582
0.709096791463661
0.707429604950678
0.705503660890855
0.703280875387161
0.700718325185632
0.697767927375057
0.694376187745614
0.690484120909508
0.686027372972784
0.680936691667513
0.675138822035160
0.668558021968679
0.661118318703327
0.652746723082829
0.643377501836932
0.632957628993498
0.621453308452866
0.608857333746012
0.595196663007561
0.580539338675429
0.564999484941277
0.548739058241207
0.531965076947549
0.514921668852319
0.497877062580623
0.481106793468588
0.464875234108514
0.449418133043232
0.434928606721872
0.421548366472136
0.409364772287724
0.398413285692501
0.388683997812941
0.380130625622559
0.372680333126995
0.366243150228206
0.360720124199782
0.356009851189828
0.352013283359207
0.348637005986498
0.345795203132226
0.343410645893924
0.341414935446145
0.339748276618457
0.338358923738057
0.337202478928414
0.336241097165099
0.335442706335993
0.334780240004750
0.334230949818819
0.333775765342599
0.333398748539926
0.333086597266672
0.332828237401030
0.332614453129210
0.332437593285403
0.332291302303360
0.332170314394801
0.332070260027855
0.331987524823220
0.331919110832425
0.331862541888567
0.331815763820414
0.331777082602904
0.331745091861521
0.331718633936511
0.331696746342216
0.331678638728771
0.331663652425364
0.331651248382960
0.331640975709320
0.331632467176074
0.331625413913160
0.331619566118623
0.331614711961518
0.331610681867715
0.331607330292016
0.331604542461831
0.331602218101534
0.331600279866332
0.331598658392332
0.331597301893717
0.331596162111289
0.331595204711203
0.331594395841266
0.331593713082567
0.331593132416211
0.331592639556588
0.331592217195066
0.331591856596590
0.331591545030452
0.331591277548134
0.331591044541039
0.331590843642264
0.331590667371476
0.331590515120253
0.331590380858111
0.331590265172691
0.331590163020339
0.331590075800368
0.331589999140001
0.331589934987428
0.331589879425216
0.331589834770669
0.331589797414741
0.331589769920812
0.331589748888085
0.331589737041733
0.331589731121048
0.331589733955194
0.331589742377225
0.331589759280606
0.331589781560739
0.331589812148086
0.331589847979172
0.331589892002633
0.331589941181850
0.331589998470624
0.331590060849681
0.331590131268982
0.331590206720323
0.331590290143569
0.331590378537546
0.331590474827665
0.331590576017250
0.331590685014229
0.331590798824933
0.331590920337699
0.331591046561084
0.331591180362377
0.331591318752066
0.331591464575410
0.331591614844857
0.331591772382994
0.331591934204487
0.331592103108860
0.331592276113407
0.331592455994392
0.331592639772251
0.331592830199938
0.331593024301612
0.331593224806998
0.331593428744592
0.331593638821072
0.331593852069919
0.331594071175026
0.331594293175521
0.331594520732855
0.331594750892466
0.331594986293769
0.331595223989176
0.331595466596538
0.331595711175896
0.331595960324062
0.331596211109347
0.331596466108106
0.331596722397550
0.331596982534201
0.331597243604784
0.331597508146659
0.331597773256656
0.331598041453687
0.331598309845258
0.331598580932588
0.331598851834402
0.331599125035017
0.331599397664897
0.331599672192279
0.331599945759863
0.331600220820659
0.331600494530064
0.331600769326745
0.331601042379233
0.331601316112756
0.331601587709386
0.331601859581841
0.331602128926102
0.331602398143331
0.331602664443754
0.331602930217944
0.331603192690676
0.331603454242916
0.331603712114253
0.331603968677044
0.331604221185922
0.331604472005640
0.331604718406064
0.331604962745357
0.331605202308775
0.331605439448909
0.331605671466513
0.331605900709633
0.331606124494596
0.331606345165922
0.331606560055543
0.331606771505475
0.331606976863249
0.331607178469394
0.331607373686988
0.331607564856086
0.331607749355220
0.331607929524977
0.331608102759206
0.331608271400021
0.331608432856412
0.331608589473002
0.331608738673704
0.331608882806617
0.331609019310314
0.331609150537326
0.331609273940581
0.331609391877977
0.331609501816452
0.331609606120186
0.331609702269742
0.331609792636476
0.331609874714146
0.331609950882159
0.331610018646998
0.331610080396971
0.331610133650772
0.331610180806438
0.331610219394326
0.331610251822995
0.331610275633877
0.331610293246826
0.331610302213718
0.331610304966446
0.331610299066663
0.331610286959011
0.331610266214223
0.331610239290368
0.331610203766519
0.331610162114823
0.331610111921922
0.331610055674657
0.331609990966432
0.331609920299365
0.331609841272786
0.331609756404636
0.331609663299301
0.331609564491065
0.331609457588471
0.331609345142620
0.331609224765288
0.331609099024838
0.331608965535326
0.331608826882784
0.331608680682570
0.331608529538754
0.331608371067000
0.331608207889750
0.331608037621949
0.331607862904712
0.331607681351223
0.331607495621529
0.331607303325997
0.331607107143831
0.331606904681504
0.331606698637567
0.331606486613509
0.331606271327385
0.331606050374595
0.331605826492816
0.331605597270249
0.331605365464277
0.331605128654783
0.331604889618902
0.331604645927075
0.331604400376206
0.331604150526164
0.331603899193605
0.331603643926695
0.331603387561792
0.331603127634230
0.331602866999989
0.331602603180442
0.331602339051083
0.331602072118204
0.331601805276669
0.331601536016575
0.331601267251991
0.331600996455715
0.331600726560826
0.331600455021730
0.331600184790298
0.331599913301468
0.331599643525656
0.331599372877275
0.331599104345017
0.331598835321732
0.331598568814100
0.331598302192388
0.331598038480958
0.331597775026501
0.331597514870733
0.331597255335806
0.331596999480446
0.331596744601329
0.331596493773836
0.331596244268263
0.331595999176273
0.331595755740916
0.331595517069759
0.331595280377772
0.331595048788037
0.331594819486659
0.331594595611840
0.331594374320073
0.331594158764287
0.331593946070664
0.331593739406471
0.331593535866936
0.331593338633277
0.331593144769183
0.331592957469456
0.331592773765727
0.331592596866035
0.331592423769514
0.331592257697131
0.331592095615175
0.331591940757282
0.331591790056662
0.331591646759441
0.331591507765655
0.331591376333854
0.331591249330990
0.331591130028131
0.331591015259476
0.331590908308945
0.331590805978649
0.331590711566027
0.331590621842224
0.331590540119367
0.331590463139397
0.331590394231017
0.331590330109639
0.331590274123481
0.331590222965413
0.331590180007631
0.331590141926340
0.331590112124408
0.331590087269997
0.331590070806601
0.331590059406938
0.331590056569844
0.331590058991000
0.331590070246273
0.331590087081177
0.331590113180498
0.331590145378828
0.331590187516678
0.331590236575063
0.331590296618869
0.331590364859345
0.331590445686390
0.331590536664031
0.331590642654646
0.331590761754296
0.331590899513884
0.331591054823771
0.331591234239855
0.331591437830636
0.331591673620544
0.331591943418057
0.331592257395062
0.331592619922533
0.331593044314159
0.331593538707675
0.331594121014858
0.331594804903504
0.331595615016239
0.331596573132872
0.331597713750273
0.331599070540985
0.331600692430077
0.331602630518798
0.331604954858191
0.331607742083918
0.331611093179871
0.331615122183323
0.331619975368319
0.331625821545386
0.331632873293817
0.331641379620879
0.331651650162588
0.331664051317742
0.331679034759042
0.331697138665791
0.331719022498928
0.331745475690998
0.331777461520053
0.331816136670400
0.331862908300107
0.331919469385631
0.331987874856464
0.332070599736287
0.332170642682485
0.332291616805993
0.332437892263538
0.332614733406806
0.332828496293597
0.333086830424991
0.333398951904769
0.333775932880635
0.334231075493815
0.334780315391411
0.335442722597942
0.336241042534680
0.337202340688094
0.338358685565451
0.339747920587593
0.341414439267243
0.343409984997368
0.345794347897932
0.348635924064528
0.352011937101396
0.356008200508550
0.360718124581593
0.366240756603191
0.372677498977705
0.380127308374774
0.388680159406695
0.398408899576104
0.409359825016308
0.421542865189796
0.434922579864768
0.449411635696018
0.464868344848772
0.481099614932906
0.497869712846999
0.514914277336735
0.531957772443205
0.548731963935984
0.564992707759008
0.580532967778228
0.595190763589157
0.608851950376650
0.621448462959403
0.632953326961694
0.643373732275954
0.652743465720741
0.661115543473538
0.668555695681212
0.675136906860190
0.680935150811889
0.686026168138341
0.690483217139705
0.694375550132704
0.697767525368427
0.700718128833812
0.703280859352034
0.705503800432602
0.707429879809713
0.709097181717293
0.710539347516178
0.711785957350753
0.712862949939361
0.713792989440255
0.714595848564654
0.715288725679417
0.715886571297617
0.716402346083995
0.716847288661377
0.717231117292976
0.717562244820980
0.717847931623708
0.718094456163454
0.718307227973192
0.718490922431371
0.718649562008994
0.718786622955255
0.718905091869638
0.719007550708613
0.719096214449175
0.719172999559720
0.719239547318993
0.719297279776784
0.719347412268813
0.719390999966717
0.719428942298411
0.719462022446900
0.719490905730257
0.719516173831282
0.719538318684054
0.719557772772700
0.719574899684006
0.719590021476191
0.719603406763710
0.719615295902385
0.719625887251795
0.719635360732100
0.719643862744104
0.719651528510306
0.719658466009292
0.719664777407082
0.719670542270622
0.719675838316289
0.719680724098893
0.719685259245380
0.719689486765018
0.719693452892683
0.719697189128239
0.719700731781433
0.719704103820572
0.719707334187066
0.719710439512812
0.719713443254677
0.719716357324658
0.719719201081453
0.719721982906108
0.719724719078099
0.719727415320763
0.719730085582114
0.719732733568107
0.719735371443113
0.719738001364426
0.719740634113386
0.719743270641120
0.719745920638387
0.719748584100000
0.719751269839326
0.719753977076941
0.719756713904134
0.719759478899933
0.719762279546803
0.719765113879137
0.719767988853470
0.719770902030742
0.719773859902725
0.719776859609783
0.719779907224735
0.719782999507398
0.719786142146778
0.719789331553343
0.719792573060187
0.719795862753728
0.719799205634313
0.719802597485844
0.719806042996161
0.719809537665952
0.719813085889154
0.719816682901398
0.719820332820602
0.719824030635104
0.719827780204579
0.719831576287953
0.719835422504739
0.719839313402758
0.719843252379989
0.719847233792064
0.719851260834722
0.719855327691017
0.719859437374433
0.719863583915737
0.719867770166816
0.719871990027064
0.719876246208007
0.719880532499095
0.719884851493197
0.719889196891636
0.719893571190639
0.719897968025456
0.719902389817840
0.719906830159080
0.719911291418614
0.719915767165764
0.719920259739610
0.719924762709221
0.719929278404890
0.719933800416669
0.719938331087086
0.719942864047765
0.719947401673754
0.719951937658022
0.719956474427530
0.719961005755381
0.719965534138782
0.719970053448628
0.719974566269506
0.719979066586492
0.719983557087345
0.719988031886305
0.719992493788645
0.719996937051236
0.720001364609636
0.720005770875207
0.720010158924906
0.720014523334740
0.720018867332450
0.720023185667083
0.720027481724748
0.720031750434107
0.720035995345392
0.720040211571602
0.720044402830976
0.720048564423706
0.720052700238049
0.720056805762371
0.720060885055093
0.720064933791873
0.720068956199600
0.720072948138518
0.720076914000470
0.720080849825807
0.720084760166058
0.720088641235477
0.720092497738334
0.720096326054931
0.720100131033728
0.720103909211676
0.720107665571361
0.720111396795529
0.720115107989434
0.720118795969421
0.720122465950676
0.720126114869739
0.720129748037837
0.720133362497221
0.720136963640262
0.720140548599508
0.720144122832708
0.720147683546510
0.720151236247575
0.720154778199821
0.720158314941805
0.720161843777430
0.720165370259747
0.720168891715062
0.720172413693302
0.720175933525463
0.720179456740687
0.720182980656992
0.720186510765190
0.720190044352864
0.720193586855250
0.720197135512414
0.720200695687222
0.720204264555688
0.720207847392140
0.720211441292704
0.720215051427774
0.720218674798616
0.720222316457225
0.720225973296039
0.720229650235258
0.720233344045672
0.720237059503502
0.720240793246341
0.720244549895582
0.720248325945466
0.720252125853159
0.720255945960901
0.720259790553778
0.720263655814984
0.720267545851312
0.720271456681549
0.720275392229700
0.720279348346530
0.720283328770543
0.720287329182682
0.720291353135055
0.720295396138823
0.720299461560667
0.720303544743878
0.720307648872547
0.720311769125880
0.720315908510089
0.720320062045947
0.720324232568348
0.720328414947125
0.720332611854238
0.720336818017869
0.720341035957192
0.720345260269768
0.720349493333835
0.720353729629025
0.720357971406112
0.720362213041057
0.720366456672159
0.720370696587439
0.720374934829118
0.720379165614347
0.720383390906943
0.720387604871473
0.720391809412161
0.720395998660338
0.720400174480439
0.720404330990810
0.720408470036724
0.720412585744535
0.720416679961636
0.720420746843952
0.720424788262756
0.720428798425488
0.720432779249361
0.720436725015489
0.720440637709200
0.720444511707463
0.720448349085845
0.720452144339199
0.720455899655225
0.720459609668391
0.720463276700034
0.720466895545508
0.720470468680781
0.720473991082782
0.720477465402486
0.720480886818427
0.720484258176275
0.720487574875505
0.720490839975481
0.720494049115284
0.720497205586368
0.720500305285534
0.720503351754277
0.720506341164943
0.720509277326894
0.720512156705935
0.720514983397515
0.720517754179529
0.720520473452862
0.720523138327756
0.720525753532100
0.720528316531655
0.720530832406631
0.720533299006201
0.720535721794093
0.720538099038002
0.720540436625182
0.720542733287611
0.720544995388888
0.720547222186366
0.720549420591087
0.720551590468558
0.720553739374046
0.720555867894316
0.720557984361370
0.720560090238335
0.720562194815785
0.720564300646128
0.720566418228047
0.720568551495334
0.720570712496873
0.720572906948009
0.720575148916047
0.720577446445157
0.720579816260776
0.720582269483014
0.720584826367953
0.720587502129850
0.720590321743589
0.720593305903179
0.720596485918051
0.720599889845107
0.720603557522957
0.720607526928001
0.720611849406083
0.720616576320966
0.720621774563748
0.720627513586267
0.720633881296825
0.720640971603832
0.720648900844562
0.720657796008748
0.720667811898815
0.720679120263321
0.720691927957273
0.720706467296985
0.720723015584323
0.720741887105531
0.720763454512767
0.720788143040509
0.720816454414186
0.720848964063857
0.720886348470762
0.720929386439906
0.720978991125647
0.721036216811979
0.721102297312790
0.721178660242675
0.721266974116088
0.721369172832239
0.721487514671818
0.721624620753242
0.721783550350016
0.721967858527725
0.722181693930323
0.722429882859123
0.722718058119366
0.723052779711721
0.723441706794006
0.723893769271817
0.724419399807443
0.725030776343493
0.725742137808511
0.726570125358715
0.727534214206182
0.728657191013385
0.729965744398709
0.731491125723512
0.733269948866261
0.735345085468294
0.737766720273252
0.740593513450456
0.743893916265239
0.747747555759850
0.752246685093518
0.757497540208285
0.763621492260994
0.770755691101603
0.779052904810858
0.788680035555388
0.799814797898880
0.812639869200009
0.827333962496877
0.844059348599182
0.862945882231450
0.884072154698550
0.907445419638638
0.932982817164518
0.960497329063850
0.989692015655691
1.020165549189896
1.051430308173890
1.082942044820484
1.114137531562882
1.144474866221185
1.173470421378624
1.200727410881620
1.225952920034171
1.248962798150054
1.269675853479972
1.288100300119883
1.304315768452877
1.318454029013428
1.330680725971044
1.341179654495651
1.350140198035301
1.357748057378466
1.364178903323219
1.369594513639353
1.374140784442615
1.377947159005210
1.381126974728766
1.383778438848086
1.385985911384078
1.387821368385709
1.389345859515013
1.390610939398776
1.391659966098257
1.392529302927779
1.393249355835368
1.393845508161115
1.394338900731616
1.394747128193379
1.395084803896285
1.395364065734483
1.395594974752869
1.395785877499192
1.395943681787722
1.396074114658486
1.396181909825272
1.396270991314301
1.396344598506377
1.396405417599765
1.396455663046557
1.396497172723322
1.396531459121626
1.396559779431419
1.396583165853607
1.396602478415915
1.396618420918873
1.396631581902802
1.396642440726672
1.396651400423356
1.396658787008363
1.396664876792653
1.396669891047217
1.396674019536174
1.396677411993868
1.396680199085944
1.396682481695708
1.396684350139917
1.396685871945782
1.396687109887107
1.396688108717380
1.396688912413193
1.396689550181119
1.396690053173121
1.396690439983920
1.396690733019537
1.396690943632847
1.396691088269286
1.396691173341149
1.396691211235467
1.396691204995430
1.396691164248761
1.396691089742685
1.396690989232896
1.396690861903503
1.396690714244226
1.396690544376537
1.396690357938188
1.396690152329809
1.396689932620028
1.396689695722050
1.396689446328630
1.396689181024953
1.396688904259950
1.396688612399617
1.396688309739285
1.396687992500047
1.396687664885265
1.396687323021798
1.396686971063119
1.396686605076376
1.396686229193836
1.396685839446415
1.396685439964695
1.396685026759258
1.396684603972222
1.396684167604562
1.396683721818817
1.396683262613509
1.396682794177498
1.396682312511559
1.396681821834702
1.396681318152958
1.396680805717877
1.396680280542582
1.396679746912528
1.396679200848946
1.396678646671848
1.396678080411014
1.396677506421144
1.396676920740596
1.396676327758513
1.396675723521572
1.396675112452827
1.396674490606802
1.396673862439718
1.396673224013319
1.396672579816072
1.396671925916199
1.396671266833365
1.396670598641438
1.396669925890113
1.396669244658007
1.396668559523588
1.396667866569270
1.396667170400952
1.396666467103862
1.396665761309914
1.396665049106128
1.396664335148964
1.396663615526191
1.396662894917288
1.396662169409711
1.396661443704382
1.396660713887377
1.396659984679444
1.396659252164199
1.396658521080563
1.396657787508619
1.396657056203771
1.396656323241498
1.396655593391973
1.396654862725006
1.396654136023805
1.396653409351457
1.396652687502453
1.396651966532124
1.396651251244470
1.396650537686055
1.396649830668616
1.396649126228953
1.396648429184763
1.396647735562118
1.396647050182893
1.396646369061500
1.396645697022221
1.396645030066904
1.396644373020472
1.396643721871348
1.396643081443345
1.396642447710636
1.396641825494185
1.396641210753144
1.396640608303909
1.396640014089879
1.396639432921188
1.396638860724801
1.396638302302926
1.396637753565466
1.396637219305070
1.396636695413999
1.396636186673746
1.396635688958414
1.396635207036778
1.396634736764324
1.396634282895589
1.396633841267041
1.396633416617507
1.396633004764101
1.396632610428509
1.396632229408221
1.396631866406405
1.396631517200720
1.396631186474493
1.396630869985410
1.396630572395684
1.396630289442965
1.396630025767137
1.396629777085810
1.396629548015389
1.396629334253508
1.396629140392005
1.396628962108683
1.396628803969779
1.396628661633473
1.396628539639445
1.396628433626532
1.396628348106960
1.396628278700580
1.396628229891334
1.396628197280516
1.396628185323024
1.396628189602090
1.396628214542885
1.396628255711147
1.396628317501700
1.396628395463430
1.396628493960273
1.396628608524966
1.396628743490088
1.396628894373006
1.396629065474543
1.396629252297543
1.396629459110747
1.396629681403389
1.396629923411878
1.396630180612812
1.396630457210090
1.396630748668722
1.396631059159988
1.396631384138408
1.396631727742617
1.396632085417808
1.396632461270008
1.396632850736309
1.396633257890235
1.396633678162055
1.396634115592972
1.396634565607763
1.396635032215561
1.396635510837031
1.396636005449552
1.396636511471108
1.396637032847710
1.396637564996132
1.396638111831465
1.396638668770796
1.396639239698803
1.396639820034441
1.396640413632549
1.396641015915546
1.396641630709056
1.396642253440590
1.396642887907246
1.396643529543276
1.396644182117999
1.396644841074086
1.396645510153864
1.396646184810128
1.396646868759055
1.396647557465283
1.396648254619723
1.396648955700586
1.396649664374451
1.396650376134845
1.396651094624980
1.396651815355445
1.396652541947093
1.396653269929324
1.396654002901669
1.396654736414080
1.396655474045835
1.396656211369180
1.396656951944229
1.396657691367242
1.396658433180291
1.396659173005354
1.396659914367592
1.396660652916385
1.396661392161134
1.396662127780277
1.396662863268611
1.396663594335255
1.396664324461568
1.396665049388936
1.396665772586442
1.396666489829283
1.396667204575424
1.396667912635368
1.396668617457112
1.396669314887902
1.396670008366897
1.396670693779462
1.396671374557025
1.396672046624370
1.396672713406270
1.396673370868144
1.396674022429139
1.396674664096432
1.396675299284507
1.396675924043305
1.396676541783534
1.396677148598763
1.396677747896698
1.396678335815231
1.396678915759691
1.396679483912763
1.396680043677819
1.396680591282522
1.396681130128421
1.396681656487956
1.396682173760583
1.396682678262797
1.396683173391126
1.396683655504666
1.396684127995365
1.396684587262455
1.396685036690479
1.396685472714884
1.396685898708302
1.396686311136396
1.396686713352928
1.396687101844783
1.396687479936338
1.396687844122367
1.396688197682163
1.396688537098753
1.396688865583080
1.396689179577612
1.396689482190632
1.396689769781835
1.396690045306396
1.396690304979456
1.396690551529018
1.396690780935291
1.396690995590497
1.396691191107691
1.396691369384143
1.396691525472317
1.396691660541331
1.396691768800022
1.396691850347778
1.396691898135582
1.396691910692829
1.396691879106348
1.396691799602884
1.396691660517560
1.396691454701508
1.396691166438724
1.396690783633388
1.396690284615812
1.396689650042039
1.396688849502874
1.396687853036214
1.396686617414092
1.396685097121062
1.396683230137048
1.396680948166129
1.396678161649385
1.396674768927448
1.396670640095255
1.396665624634027
1.396659533541100
1.396652144751024
1.396643182712530
1.396632320603076
1.396619156143954
1.396603209152691
1.396583891832204
1.396560499536139
1.396532172961287
1.396497879029846
1.396456361246380
1.396406106198409
1.396345276657494
1.396271657187559
1.396182562168355
1.396074751144137
1.395944300562277
1.395786475502592
1.395595549244876
1.395364612578704
1.395085319052030
1.394747605951128
1.394339335154500
1.393845891254998
1.393249678919540
1.392529554718644
1.391660133985376
1.390611007419237
1.389345809511853
1.387821177855489
1.385985554507421
1.383777884216476
1.381126186276154
1.377946093681188
1.374139393164933
1.369592739109766
1.364176681297058
1.357745315048722
1.350136856197650
1.341175627247683
1.330675924676367
1.318448364322532
1.304309157052845
1.288092669831222
1.269667153004352
1.248953004525684
1.225942049348502
1.200715524480251
1.173457632439374
1.144461338675396
1.114123476693015
1.082927708797467
1.051415957882319
1.020151451831593
0.989678421362817
0.960484452792532
0.932970828650676
0.907434435947746
0.884062241940623
0.862937058683026
0.844051594360958
0.827327227165667
0.812634082988371
0.799809878246312
0.788675895732406
0.779049457241348
0.770752852731206
0.763619184906428
0.757495693606871
0.752245235412539
0.747746447451463
0.743893099702980
0.740592946363559
0.737766365078821
0.735344910685967
0.733269926405129
0.731491232438499
0.729965959418541
0.728657497480359
0.727534596654081
0.726570571629334
0.725742636461418
0.725031318728628
0.724419977483671
0.723894376214525
0.723442336802212
0.723053428733399
0.722718721631440
0.722430558297475
0.722182378031151
0.721968549852730
0.721784246580835
0.721625321304937
0.721488217934471
0.721369878867759
0.721267681842731
0.721179370211534
0.721103008832194
0.721036930800987
0.720979707176115
0.720930105744999
0.720887070823087
0.720849690857476
0.720817185577668
0.720788880111303
0.720764197504318
0.720742637653147
0.720723773745742
0.720707234769063
0.720692704809561
0.720679908225055
0.720668611025187
0.720658608037795
0.720649725795900
0.720641811205140
0.720634735514874
0.720628384122759
0.720622661318528
0.720617480957024
0.720612771744871
0.720608468583456
0.720604518228853
0.720600871157998
0.720597487476608
0.720594329199983
0.720591366316397
0.720588569402185
0.720585915772275
0.720583382370064
0.720580951954602
0.720578606221207
0.720576331988007
0.720574114514643
0.720571943660617
0.720569807377898
0.720567697820718
0.720565604994148
0.720563522800304
0.720561442829607
0.720559360332271
0.720557268142416
0.720555162566611
0.720553037433549
0.720550889893559
0.720548714588471
0.720546509357556
0.720544269523642
0.720541993502101
0.720539677200326
0.720537319527239
0.720534916904026
0.720532468672266
0.720529971714422
0.720527425759130
0.720524828110409
0.720522178848968
0.720519475669441
0.720516718976816
0.720513906831260
0.720511039938930
0.720508116704166
0.720505138114064
0.720502102897975
0.720499012305297
0.720495865372333
0.720492663592829
0.720489406292340
0.720486095191072
0.720482729885991
0.720479312305531
0.720475842299764
0.720472321986547
0.720468751450117
0.720465132978243
0.720461466869677
0.720457755561861
0.720453999547701
0.720450201393381
0.720446361764957
0.720442483335820
0.720438566923630
0.720434615286962
0.720430629373132
0.720426612003535
0.720422564232953
0.720418488923061
0.720414387213834
0.720410261984693
0.720406114438635
0.720401947450469
0.720397762264332
0.720393561728430
0.720389347106610
0.720385121199034
0.720380885268479
0.720376642046335
0.720372392774340
0.720368140095280
0.720363885210861
0.720359630656475
0.720355377575940
0.720351128379664
0.720346884136988
0.720342647117082
0.720338418299626
0.720334199797751
0.720329992487810
0.720325798313660
0.720321618036284
0.720317453418688
0.720313305096140
0.720309174640958
0.720305062554127
0.720300970209240
0.720296897966255
0.720292846993842
0.720288817506057
0.720284810462327
0.720280825927808
0.720276864650250
0.720272926544801
0.720269012146979
0.720265121222692
0.720261254096533
0.720257410387782
0.720253590213238
0.720249793049967
0.720246018811881
0.720242266839988
0.720238536851923
0.720234828060462
0.720231139995201
0.720227471750088
0.720223822676455
0.720220191760300
0.720216578185895
0.720212980843539
0.720209398762950
0.720205830752223
0.720202275700211
0.720198732347410
0.720195199456539
0.720191675716067
0.720188159778211
0.720184650295797
0.720181145826918
0.720177645005805
0.720174146313384
0.720170648382841
0.720167149635314
