0.720234692257428
0.720234700125987
0.720234709014751
0.720234720044047
0.720234734645544
0.720234754671346
0.720234782705909
0.720234822322254
0.720234878614942
0.720234958777326
0.720235073098919
0.720235236207703
0.720235469020570
0.720235801346749
0.720236275783864
0.720236953098787
0.720237920090823
0.720239300635923
0.720241271637273
0.720244085616001
0.720248103149942
0.720253839007900
0.720262028211461
0.720273720190230
0.720290413441552
0.720314247698607
0.720348278679953
0.720396870580683
0.720466257469360
0.720565346332640
0.720706867261994
0.720909022425873
0.721197854607946
0.721610656659110
0.722200894619687
0.723045343258623
0.724254475733160
0.725987663554774
0.728475500420020
0.732052601226834
0.737205409696510
0.744640117090501
0.755373308212819
0.770836184368577
0.792949856409135
0.824059505138988
0.866520465646956
0.921720523655773
0.988652806091983
1.062912639201410
1.137404813728443
1.204900422116087
1.260672993692817
1.303389433845429
1.334263758482960
1.355665762547329
1.370078885802854
1.379598509908449
1.385805931423380
1.389819890388642
1.392401487925520
1.394056098109193
1.395114221305599
1.395789928733738
1.396221037147955
1.396495929398135
1.396671147100842
1.396782805419769
1.396853949547890
1.396899275335523
1.396928150561474
1.396946545072180
1.396958262731000
1.396965726974970
1.396970481724908
1.396973510484606
1.396975439800022
1.396976668754335
1.396977451597993
1.396977950255179
1.396978267904079
1.396978470235514
1.396978599127197
1.396978681221809
1.396978733523633
1.396978766831147
1.396978788055991
1.396978801567718
1.396978810182775
1.396978815662120
1.396978819160521
1.396978821380457
1.396978822802405
1.396978823699294
1.396978824277890
1.396978824636671
1.396978824871068
1.396978825008370
1.396978825098171
1.396978825137872
1.396978825156847
1.396978825137875
1.396978825098164
1.396978825008381
1.396978824871054
1.396978824636689
1.396978824277870
1.396978823699317
1.396978822802377
1.396978821380485
1.396978819160488
1.396978815662154
1.396978810182735
1.396978801567758
1.396978788055944
1.396978766831195
1.396978733523579
1.396978681221863
1.396978599127135
1.396978470235574
1.396978267904009
1.396977950255241
1.396977451597909
1.396976668754392
1.396975439799915
1.396973510484644
1.396970481724753
1.396965726974950
1.396958262730737
1.396946545072006
1.396928150560951
1.396899275334960
1.396853949546739
1.396782805418239
1.396671147098155
1.396495929394212
1.396221037141498
1.395789928723924
1.395114221289905
1.394056098084955
1.392401487887321
1.389819890329460
1.385805931331213
1.379598509766732
1.370078885586267
1.355665762222298
1.334263758005577
1.303389433168902
1.260672992779200
1.204900420962868
1.137404812390672
1.062912637796836
0.988652804762389
0.921720522514241
0.866520464741839
0.824059504462907
0.792949855922633
0.770836184026705
0.755373307974653
0.744640116925784
0.737205409582091
0.732052601147794
0.728475500364770
0.725987663516644
0.724254475706240
0.723045343240172
0.722200894606451
0.721610656650204
0.721197854601363
0.720909022421623
0.720706867258658
0.720565346330669
0.720466257467610
0.720396870579832
0.720348278678978
0.720314247698308
0.720290413440954
0.720273720190205
0.720262028211046
0.720253839008012
0.720248103149612
0.720244085616182
0.720241271636984
0.720239300636142
0.720237920090550
0.720236953099026
0.720236275783597
0.720235801347002
0.720235469020303
0.720235236207966
0.720235073098650
0.720234958777596
0.720234878614668
0.720234822322529
0.720234782705630
0.720234754671627
0.720234734645261
0.720234720044333
0.720234709014462
0.720234700126279
0.720234692257135
0.720234684382807
0.720234675510353
0.720234664487198
0.720234649916772
0.720234629916669
0.720234601939985
0.720234562386893
0.720234506205142
0.720234426181453
0.720234312078253
0.720234149261552
0.720233916886108
0.720233585165131
0.720233111613268
0.720232435544786
0.720231470357193
0.720230092378635
0.720228125082110
0.720225316415285
0.720221306571123
0.720215581847945
0.720207408919480
0.720195740887326
0.720179083332451
0.720155303052378
0.720121355332315
0.720072894870594
0.720003721288134
0.719904989119779
0.719764083622238
0.719563022922574
0.719276191676921
0.718867135330770
0.718284044329720
0.717453430226687
0.716271346679322
0.714591358609801
0.712208376474420
0.708837596364167
0.704088442340720
0.697435240375116
0.688190576795776
0.675495911761091
0.658359454023252
0.635793238367240
0.607115703466247
0.572444119584659
0.533224947861000
0.492372768102748
0.453581277643863
0.420013481167266
0.393287400304434
0.373398985416492
0.359328811095137
0.349723728534984
0.343323485798755
0.339126405665427
0.336402591449698
0.334646725785240
0.333519701280994
0.332798298527000
0.332337344863810
0.332043140801799
0.331855499332214
0.331735877453298
0.331659640420648
0.331611062287126
0.331580112026093
0.331560394375476
0.331547833349379
0.331539831655820
0.331534734474376
0.331531487542768
0.331529419248240
0.331528101750130
0.331527262511634
0.331526727921260
0.331526387391950
0.331526170476665
0.331526032304134
0.331525944288720
0.331525888224271
0.331525852511142
0.331525829762694
0.331525815271691
0.331525806041443
0.331525800161537
0.331525796416380
0.331525794030560
0.331525792511016
0.331525791543048
0.331525790926615
0.331525790534137
0.331525790284330
0.331525790125757
0.331525790025224
0.331525789962471
0.331525789923832
0.331525789902145
0.331525789891945
0.331525789892247
0.331525789901842
0.331525789924134
0.331525789962168
0.331525790025526
0.331525790125453
0.331525790284632
0.331525790533835
0.331525790926917
0.331525791542746
0.331525792511318
0.331525794030258
0.331525796416682
0.331525800161235
0.331525806041746
0.331525815271389
0.331525829762997
0.331525852510840
0.331525888224574
0.331525944288420
0.331526032304439
0.331526170476367
0.331526387392257
0.331526727920966
0.331527262511948
0.331528101749848
0.331529419248572
0.331531487542514
0.331534734474752
0.331539831655636
0.331547833349865
0.331560394375464
0.331580112026848
0.331611062287538
0.331659640422069
0.331735877454753
0.331855499335271
0.332043140805818
0.332337344870885
0.332798298537308
0.333519701297888
0.334646725810831
0.336402591490274
0.339126405727432
0.343323485894679
0.349723728679565
0.359328811310796
0.373398985727064
0.393287400734996
0.420013481728311
0.453581278322997
0.492372768852420
0.533224948614847
0.572444120276386
0.607115704056240
0.635793238840842
0.658359454388994
0.675495912034159
0.688190576996712
0.697435240519768
0.704088442444983
0.708837596437688
0.712208376527132
0.714591358646356
0.716271346705709
0.717453430244596
0.718284044342935
0.718867135339407
0.719276191683611
0.719563022926635
0.719764083625709
0.719904989121588
0.720003721290021
0.720072894871300
0.720121355333421
0.720155303052545
0.720179083333171
0.720195740887232
0.720207408920009
0.720215581847724
0.720221306571555
0.720225316415006
0.720228125082492
0.720230092378330
0.720231470357548
0.720232435544470
0.720233111613606
0.720233585164811
0.720233916886436
0.720234149261235
0.720234312078574
0.720234426181139
0.720234506205457
0.720234562386583
0.720234601940295
0.720234629916363
0.720234649917076
0.720234664486896
0.720234675510652
0.720234684382510
