1.386168330969181
1.391677892420816
1.394390815058641
1.395716043366672
1.396364821843825
1.396678874145256
1.396833893274265
1.396907310355239
1.396945072639961
1.396961454068767
1.396971396501538
1.396974294838607
1.396977615231899
1.396977352052564
1.396979070916520
1.396978092692211
1.396979398136873
1.396978285397665
1.396979458041583
1.396978348955063
1.396979454799848
1.396978382392873
1.396979436942318
1.396978408991871
1.396979416113638
1.396978434089351
1.396979395199962
1.396978458775754
1.396979374990415
1.396978483142988
1.396979355754565
1.396978507057335
1.396979337616319
1.396978530345433
1.396979320643411
1.396978552840652
1.396979304870054
1.396978574395738
1.396979290304275
1.396978594886911
1.396979276931960
1.396978614215328
1.396979264720372
1.396978632307413
1.396979253621695
1.396978649114416
1.396979243576592
1.396978664611389
1.396979234517701
1.396978678795670
1.396979226372962
1.396978691684955
1.396979219068652
1.396978703315085
1.396979212532073
1.396978713737605
1.396979206693823
1.396978723017171
1.396979201489607
1.396978731228915
1.396979196861592
1.396978738455794
1.396979192759293
1.396978744785998
1.396979189140028
1.396978750310460
1.396979185968984
1.396978755120506
1.396979183218936
1.396978759305661
1.396979180869699
1.396978762951646
1.396979178907367
1.396978766138589
1.396979177323426
1.396978768939418
1.396979176113788
1.396978771418509
1.396979175277854
1.396978773630505
1.396979174817621
1.396978775619401
1.396979174736922
1.396978777417810
1.396979175040821
1.396978779046464
1.396979175735203
1.396978780513916
1.396979176826587
1.396978781816479
1.396979178322138
1.396978782938343
1.396979180229931
1.396978783851921
1.396979182559353
1.396978784518411
1.396979185321721
1.396978784888546
1.396979188530980
1.396978784903583
1.396979192204492
1.396978784496478
1.396979196363803
1.396978783593295
1.396979201035376
1.396978782114797
1.396979206251169
1.396978779978260
1.396979212049025
1.396978777099461
1.396979218472778
1.396978773394858
1.396979225572037
1.396978768783921
1.396979233401577
1.396978763191586
1.396979242020302
1.396978756550811
1.396979251489772
1.396978748805181
1.396979261872249
1.396978739911503
1.396979273228325
1.396978729842341
1.396979285614124
1.396978718588417
1.396979299078164
1.396978706160798
1.396979313657950
1.396978692592798
1.396979329376384
1.396978677941495
1.396979346238127
1.396978662288776
1.396979364225985
1.396978645741757
1.396979383297304
1.396978628432159
1.396979403379848
1.396978610513211
1.396979424364399
1.396978592148065
1.396979446082059
1.396978573464694
1.396979468214849
1.396978554371426
1.396979489922371
1.396978533786609
1.396979508266945
1.396978506397033
1.396979511563315
1.396978448985583
1.396979451298412
1.396978262725438
1.396979123578453
1.396977529581501
1.396977668631081
1.396974483947333
1.396971457910931
1.396961671471262
1.396945175051357
1.396907625853606
1.396834178452082
1.396679581156307
1.396365889970116
1.395718374578620
1.394395183061632
1.391686966476571
1.386186278604844
1.375127653848034
1.353407457107785
1.312616314238003
1.242317394400068
1.138144207763379
1.015495423027741
0.905711605305828
0.828144571955287
0.780876849172558
0.753999951396160
0.739055150098948
0.730765273180156
0.726145523722202
0.723561552611181
0.722108915422493
0.721292609642528
0.720831116907496
0.720572032019881
0.720424571976336
0.720342471208896
0.720295019269326
0.720269245820531
0.720253737744204
0.720245863666454
0.720240609586419
0.720238379105961
0.720236462619163
0.720235962567120
0.720235175067794
0.720235149409510
0.720234775269749
0.720234802397409
0.720234576714832
0.720234458299827
0.720234181759548
0.720233654604106
0.720232905621023
0.720231257622620
0.720228783366595
0.720223815417559
0.720215716697391
0.720200542154019
0.720174615493032
0.720127650603768
0.720045680502540
0.719899330072152
0.719641759652038
0.719184802833545
0.718378981181491
0.716955798848925
0.714453664731837
0.710070655752517
0.702461053339991
0.689434937728457
0.667707996746711
0.633105394853528
0.582451744247956
0.518407525227164
0.453429238440317
0.402150257679241
0.369264263086536
0.350782480847843
0.341120006676302
0.336248568790307
0.333837578554355
0.332653590039290
0.332075779495727
0.331793243959077
0.331656359362275
0.331588955861635
0.331556886260988
0.331540541314865
0.331533311436412
0.331529077825091
0.331527721554760
0.331526370825770
0.331526392707641
0.331525740188404
0.331526073817226
0.331525603263004
0.331525994827640
0.331525584898779
0.331525973363428
0.331525595946875
0.331525966231461
0.331525614984092
0.331525963184197
0.331525636614951
0.331525961757086
0.331525659232077
0.331525961310812
0.331525682123136
0.331525961623100
0.331525704791542
0.331525962558531
0.331525726801247
0.331525963993970
0.331525747745309
0.331525965804685
0.331525767243339
0.331525967864902
0.331525784945308
0.331525970051710
0.331525800536346
0.331525972249595
0.331525813741220
0.331525974354826
0.331525824328212
0.331525976279447
0.331525832112259
0.331525977954678
0.331525836957406
0.331525979333628
0.331525838778513
0.331525980393242
0.331525837542250
0.331525981135400
0.331525833267377
0.331525981587153
0.331525826024312
0.331525981800063
0.331525815933980
0.331525981848720
0.331525803165956
0.331525981828437
0.331525787935882
0.331525981852227
0.331525770502166
0.331525982047183
0.331525751161979
0.331525982550389
0.331525730246634
0.331525983504661
0.331525708116659
0.331525985054864
0.331525685157835
0.331525987347528
0.331525661783582
0.331525990544808
0.331525638466108
0.331525994898914
0.331525615890900
0.331526001081242
0.331525595633531
0.331526011585880
0.331525583042742
0.331526036667306
0.331525599438567
0.331526119418226
0.331525733635743
0.331526441648302
0.331526359484059
0.331527770870974
0.331529054259850
0.331533347265594
0.331540475537418
0.331556848564376
0.331588722850456
0.331655993148893
0.331792318370965
0.332074009573869
0.332649769285189
0.333829919879771
0.336232791212968
0.341088499610842
0.350720486444409
0.369148788980804
0.401954134317975
0.453148585409588
0.518092082104494
0.582177265284719
0.632906315385754
0.667579542869064
0.689355993936987
0.702415056206478
0.710043358716304
0.714438621757322
0.716946536008900
0.718374347642789
0.719181453838996
0.719640519449690
0.719897872801768
0.720045548045222
0.720126783011622
0.720174858865529
0.720199844388982
0.720216104075285
0.720223150404233
0.720229242300733
0.720230577890817
0.720233412683872
0.720232938489322
0.720234723534390
0.720233683052693
0.720235125649992
0.720233915029644
0.720235245412396
0.720233992786388
0.720235293433294
0.720234049211706
0.720235369317717
0.720234183828058
0.720235605536854
0.720234606662542
0.720236359546268
0.720235943012408
0.720238733405229
0.720240142120739
0.720246176241966
0.720253310789573
0.720269499518739
0.720294593000975
0.720342602180075
0.720424025049837
0.720571833431602
0.720830074727922
0.721291425765493
0.722106204128069
0.723557300190201
0.726137402328404
0.730751219329009
0.739029386752813
0.753953896510037
0.780794003818278
0.828002299172229
0.905489803643613
1.015211743380388
1.137867943860757
1.242112189007454
1.312490032719129
1.353338275824425
1.375091666057048
