0.336233344019708
0.333830083881593
0.332649936421572
0.332073986888964
0.331792399123162
0.331655930854618
0.331588789501286
0.331556780940041
0.331540544069084
0.331533281040556
0.331529126988918
0.331527706126295
0.331526435424584
0.331526376891903
0.331525811030167
0.331526052836247
0.331525676404609
0.331525966455298
0.331525657766738
0.331525936056994
0.331525666452272
0.331525918717459
0.331525681343080
0.331525904384204
0.331525697332222
0.331525890789005
0.331525713118286
0.331525877502701
0.331525728315364
0.331525864524550
0.331525742769165
0.331525851946048
0.331525756395228
0.331525839869695
0.331525769140337
0.331525828388570
0.331525780972726
0.331525817580742
0.331525791878730
0.331525807507597
0.331525801860695
0.331525798213471
0.331525810934970
0.331525789725926
0.331525819129769
0.331525782056477
0.331525826482947
0.331525775201659
0.331525833039744
0.331525769144375
0.331525838850585
0.331525763855450
0.331525843968999
0.331525759295322
0.331525848449724
0.331525755415814
0.331525852347032
0.331525752161947
0.331525855713312
0.331525749473714
0.331525858597927
0.331525747287820
0.331525861046347
0.331525745539314
0.331525863099545
0.331525744163125
0.331525864793651
0.331525743095459
0.331525866159810
0.331525742275075
0.331525867224247
0.331525741644401
0.331525868008455
0.331525741150522
0.331525868529508
0.331525740746028
0.331525868800436
0.331525740389714
0.331525868830614
0.331525740047180
0.331525868626153
0.331525739691280
0.331525868190248
0.331525739302478
0.331525867523447
0.331525738869092
0.331525866623860
0.331525738387419
0.331525865487235
0.331525737861771
0.331525864106966
0.331525737304409
0.331525862473974
0.331525736735365
0.331525860576531
0.331525736182171
0.331525858399992
0.331525735679466
0.331525855926495
0.331525735268492
0.331525853134654
0.331525734996464
0.331525849999272
0.331525734915815
0.331525846491121
0.331525735083298
0.331525842576822
0.331525735558953
0.331525838218879
0.331525736404923
0.331525833375888
0.331525737684139
0.331525828002968
0.331525739458853
0.331525822052442
0.331525741789053
0.331525815474779
0.331525744730775
0.331525808219814
0.331525748334312
0.331525800238239
0.331525752642389
0.331525791483360
0.331525757688311
0.331525781913072
0.331525763494154
0.331525771492024
0.331525770069035
0.331525760193922
0.331525777407531
0.331525748003883
0.331525785488301
0.331525734920780
0.331525794272996
0.331525720959504
0.331525803705530
0.331525706153115
0.331525813711934
0.331525690555093
0.331525824201445
0.331525674242845
0.331525835071442
0.331525657327670
0.331525846227140
0.331525639993455
0.331525857661965
0.331525622658385
0.331525869792407
0.331525606657848
0.331525884865544
0.331525597129777
0.331525912893502
0.331525615199946
0.331525996697689
0.331525749430422
0.331526317626912
0.331526373024617
0.331527641848923
0.331529060785930
0.331533204361905
0.331540459923210
0.331556661408352
0.331588626089087
0.331655640925784
0.331791896074332
0.332072990808225
0.332647999053840
0.333826148946359
0.336225465016803
0.341073623285778
0.350691677729213
0.369094803807899
0.401862887779878
0.453017421629689
0.517945107070273
0.582048542060284
0.632813811798098
0.667518910305343
0.689319794059184
0.702392917549004
0.710031352576589
0.714430900208330
0.716942972087128
0.718371441800636
0.719180665165692
0.719639155078066
0.719897988093231
0.720044660064844
0.720127203205385
0.720174105712782
0.720200381379140
0.720215375863905
0.720223746758448
0.720228502652941
0.720231217627080
0.720232649512268
0.720233620799730
0.720233937319068
0.720234420670729
0.720234337636742
0.720234754486648
0.720234536956763
0.720235085516021
0.720234932912035
0.720235876314190
0.720236210282770
0.720238260636886
0.720240334077744
0.720245690741755
0.720253403459593
0.720268955265907
0.720294517182090
0.720341868619988
0.720423559411492
0.720570507408957
0.720828512641334
0.721288239294944
0.722101297468337
0.723548226327480
0.726121941140999
0.730723233226921
0.738979734721891
0.753864026021554
0.780633859280970
0.827726137102679
0.905060471511604
1.014661090250890
1.137332346215922
1.241713193382256
1.312245238466797
1.353203480067370
1.375022262909473
1.386133145075578
1.391660772950742
1.394382054164862
1.395712011280667
1.396362501500204
1.396677983303467
1.396833116990704
1.396907164569396
1.396944668365750
1.396961481139053
1.396971082699721
1.396974356422924
1.396977321727921
1.396977412641361
1.396978777702587
1.396978141194104
1.396979097255055
1.396978316639630
1.396979144631645
1.396978359370683
1.396979125048697
1.396978369063192
1.396979087660123
1.396978369470950
1.396979044686208
1.396978366405195
1.396978999620183
1.396978361461611
1.396978953897690
1.396978355264344
1.396978908464863
1.396978348226328
1.396978864138461
1.396978340720972
1.396978821680424
1.396978333114282
1.396978781805554
1.396978325763992
1.396978745174192
1.396978319011180
1.396978712382304
1.396978313170576
1.396978683951994
1.396978308521287
1.396978660323209
1.396978305298450
1.396978641846877
1.396978303686197
1.396978628779527
1.396978303812061
1.396978621279463
1.396978305743033
1.396978619404504
1.396978309483344
1.396978623111278
1.396978314974039
1.396978632256115
1.396978322094394
1.396978646597477
1.396978330665043
1.396978665799974
1.396978340452802
1.396978689439915
1.396978351177029
1.396978717012369
1.396978362517303
1.396978747939645
1.396978374122150
1.396978781580987
1.396978385618231
1.396978817242693
1.396978396618324
1.396978854185691
1.396978406721898
1.396978891618195
1.396978415482864
1.396978928621690
1.396978422238322
1.396978963792401
1.396978425350670
1.396978993678860
1.396978418974498
1.396979006135354
1.396978379375830
1.396978952210856
1.396978207147936
1.396978627422201
1.396977483241675
1.396977170481964
1.396974438999092
1.396970947098640
1.396961608177631
1.396944616938310
1.396907474999108
1.396833437130312
1.396679065175734
1.396364402177676
1.395716339873269
1.394390596527642
1.391678631355954
1.386168988259881
1.375094169917797
1.353342258116818
1.312498410277457
1.242124929130900
1.137885925760018
1.015229432517216
0.905504098869880
0.828011032601030
0.780799359593164
0.753956545548941
0.739031076769850
0.730751821866786
0.726137955316304
0.723557259291693
0.722106417109729
0.721291178146857
0.720830201065964
0.720571521882472
0.720424149834800
0.720342276366426
0.720294746408143
0.720269177819872
0.720253503747817
0.720245865438425
0.720240377820286
0.720238435094967
0.720236220758086
0.720236072377667
0.720234923333929
0.720235326161839
0.720234534623187
0.720235092981118
0.720234428196253
0.720235014476734
0.720234393401253
0.720234957768920
0.720234330593922
0.720234823343275
0.720234107264624
0.720234401180090
0.720233365922771
0.720233065995900
0.720231004501287
0.720228868640004
0.720223574121259
0.720215703195742
0.720200266075318
0.720174434385004
0.720127208709743
0.720045111328325
0.719898320159816
0.719640101123108
0.719181971535368
0.718374032423650
0.716947262095250
0.714438651372422
0.710044687724168
0.702416109794735
0.689358985072557
0.667583291020039
0.632913080821363
0.582185792419823
0.518102406117839
0.453157490730780
0.401960557508974
0.369152440673319
0.350722547881197
0.341089436943646
