0.720234692213604
0.720234684344030
0.720234675456286
0.720234664425970
0.720234649825500
0.720234629798677
0.720234601765158
0.720234562147807
0.720234505856211
0.720234425692904
0.720234311372584
0.720234148263232
0.720233915452379
0.720233583127128
0.720233108695087
0.720232431387318
0.720231464413056
0.720230083900987
0.720228112970163
0.720225299131981
0.720221281887709
0.720215546616941
0.720207358613372
0.720195669077072
0.720178980806724
0.720155156697096
0.720121146396588
0.720072596629607
0.720003295577592
0.719904381535610
0.719763216558799
0.719561785819889
0.719274427070162
0.718864619283409
0.718280458805635
0.717448324669384
0.716264084826872
0.714581046317907
0.712193765804787
0.708816963266095
0.704059440524145
0.697394748737198
0.688134588527264
0.675419574111286
0.658257467348695
0.635660940385677
0.606951154263456
0.572250998416410
0.533014749303828
0.492163578273667
0.453392008448300
0.419856979603550
0.393167482803119
0.373312342429547
0.359268801724011
0.349683354880648
0.343296842822693
0.339109044457393
0.336391370515369
0.334639511429792
0.333515078466114
0.332795342681577
0.332335457469011
0.332041936702903
0.331854731577514
0.331735388098412
0.331659328578881
0.331610863599501
0.331579985440324
0.331560313736235
0.331547781976495
0.331539798933388
0.331534713626941
0.331531474265861
0.331529410787954
0.331528096363858
0.331527259077746
0.331526725736734
0.331526385997617
0.331526169591265
0.331526031737393
0.331525943930433
0.331525887993355
0.331525852366717
0.331525829668067
0.331525815214027
0.331525806002147
0.331525800139070
0.331525796399580
0.331525794022390
0.331525792503424
0.331525791540748
0.331525790922922
0.331525790534420
0.331525790282593
0.331525790127616
0.331525790025168
0.331525789966305
0.331525789926611
0.331525789910103
0.331525789901148
0.331525789910100
0.331525789926617
0.331525789966296
0.331525790025180
0.331525790127601
0.331525790282611
0.331525790534399
0.331525790922947
0.331525791540722
0.331525792503454
0.331525794022357
0.331525796399616
0.331525800139032
0.331525806002189
0.331525815213983
0.331525829668115
0.331525852366667
0.331525887993409
0.331525943930378
0.331526031737455
0.331526169591206
0.331526385997687
0.331526725736674
0.331527259077830
0.331528096363804
0.331529410788060
0.331531474265829
0.331534713627098
0.331539798933420
0.331547781976768
0.331560313736432
0.331579985440873
0.331610863600114
0.331659328580100
0.331735388100061
0.331854731580373
0.332041936707108
0.332335457475889
0.332795342692055
0.333515078482800
0.334639511455527
0.336391370555709
0.339109044519489
0.343296842918316
0.349683355025225
0.359268801939254
0.373312342740003
0.393167483233212
0.419856980164589
0.453392009127327
0.492163579023966
0.533014750058313
0.572250999109359
0.606951154854378
0.635660940860446
0.658257467715120
0.675419574385172
0.688134588728556
0.697394748882370
0.704059440628539
0.708816963339948
0.712193765857507
0.714581046354689
0.716264084853206
0.717448324687461
0.718280458818772
0.718864619292180
0.719274427076765
0.719561785824061
0.719763216562185
0.719904381537516
0.720003295579400
0.720072596630395
0.720121146397625
0.720155156697331
0.720178980807386
0.720195669077033
0.720207358613853
0.720215546616763
0.720221281888106
0.720225299131732
0.720228112970521
0.720230083900699
0.720231464413399
0.720232431387008
0.720233108695426
0.720233583126804
0.720233915452719
0.720234148262897
0.720234311372928
0.720234425692559
0.720234505856561
0.720234562147456
0.720234601765513
0.720234629798318
0.720234649825861
0.720234664425604
0.720234675456654
0.720234684343658
0.720234692213979
0.720234700087131
0.720234708960761
0.720234719982744
0.720234734554345
0.720234754553283
0.720234782531151
0.720234822083101
0.720234878266077
0.720234958288713
0.720235072393309
0.720235235209322
0.720235467586891
0.720235799308678
0.720236272865706
0.720236948941208
0.720237914146613
0.720239292157981
0.720241259524869
0.720244068331630
0.720248078464485
0.720253803772610
0.720261977896736
0.720273648362300
0.720290310879911
0.720314101270036
0.720348069594986
0.720396572035552
0.720465831139364
0.720564737486897
0.720705997630399
0.720907780097697
0.721196079376494
0.721608119030564
0.722197265320831
0.723040149084172
0.724247034980750
0.725976991500746
0.728460170216737
0.732030540021668
0.737173603690032
0.744594201321153
0.755307045474614
0.770740941098802
0.792814439070453
0.823871182171578
0.866268431547840
0.921402487309699
0.988282397244191
1.062521136696851
1.137031925444808
1.204578811403906
1.260418233368389
1.303200682620479
1.334130625468133
1.355575042670861
1.370018497013952
1.379558930819607
1.385780253234005
1.389803340121467
1.392390865939666
1.394049299413992
1.395109877293766
1.395787156225815
1.396219268877711
1.396494802135254
1.396670428676172
1.396782347646613
1.396853657885915
1.396899089529660
1.396928032190365
1.396946469671333
1.396958214695211
1.396965696380394
1.396970462231732
1.396973498071920
1.396975431888830
1.396976663719306
1.396977448386395
1.396977948213711
1.396978266599417
1.396978469408697
1.396978598596314
1.396978680887832
1.396978733306747
1.396978766697138
1.396978787966555
1.396978801514860
1.396978810145126
1.396978815642255
1.396978819144040
1.396978821374167
1.396978822794861
1.396978823699006
1.396978824274801
1.396978824640066
1.396978824871801
1.396978825016366
1.396978825105387
1.396978825155419
1.396978825178816
1.396978825178273
1.396978825155962
1.396978825104844
1.396978825016909
1.396978824871258
1.396978824640610
1.396978824274258
1.396978823699548
1.396978822794317
1.396978821374709
1.396978819143496
1.396978815642797
1.396978810144582
1.396978801515403
1.396978787966010
1.396978766697680
1.396978733306202
1.396978680888374
1.396978598595768
1.396978469409237
1.396978266598869
1.396977948214246
1.396977448385841
1.396976663719830
1.396975431888258
1.396973498072417
1.396970462231119
1.396965696380827
1.396958214694497
1.396946469671604
1.396928032189399
1.396899089529535
1.396853657884327
1.396782347645510
1.396670428673052
1.396494802131748
1.396219268870825
1.395787156216405
1.395109877277633
1.394049299390131
1.392390865901002
1.389803340062608
1.385780253141306
1.379558930678102
1.370018496796687
1.355575042345844
1.334130624989854
1.303200681943793
1.260418232453886
1.204578810250936
1.137031924107099
1.062521135293920
0.988282395916084
0.921402486170692
0.866268430644378
0.823871181497538
0.792814438584887
0.770740940758201
0.755307045236774
0.744594201157216
0.737173603575612
0.732030539943157
0.728460170161332
0.725976991463019
0.724247034953610
0.723040149066057
0.722197265307349
0.721608119021958
0.721196079369658
0.720907780093724
0.720705997626814
0.720564737485187
0.720465831137372
0.720396572034947
0.720348069593779
0.720314101269969
0.720290310879092
0.720273648362494
0.720261977896109
0.720253803772928
0.720248078463956
0.720244068332006
0.720241259524391
0.720239292158381
0.720237914146164
0.720236948941619
0.720236272865275
0.720235799309089
0.720235467586472
0.720235235209729
0.720235072392899
0.720234958289115
0.720234878265673
0.720234822083498
0.720234782530754
0.720234754553675
0.720234734553956
0.720234719983129
0.720234708960379
0.720234700087509
