0.720167308121012
0.720170807090910
0.720174305256307
0.720177804196514
0.720181305277351
0.720184810018160
0.720188319783532
0.720191836015464
0.720195360059777
0.720198893264169
0.720202436938651
0.720205992320260
0.720209560666819
0.720213143089080
0.720216740777125
0.720220354700701
0.720223985967558
0.720227635392764
0.720231303988263
0.720234992401950
0.720238701537727
0.720242431865142
0.720246184169189
0.720249958731314
0.720253756208223
0.720257576685040
0.720261420682383
0.720265288082464
0.720269179263678
0.720273093900444
0.720277032224542
0.720280993699492
0.720284978407871
0.720288985601013
0.720293015211549
0.720297066279208
0.720301138587807
0.720305230967924
0.720309343057581
0.720313473482553
0.720317621739964
0.720321786257004
0.720325966396661
0.720330160395599
0.720334367491263
0.720338585739644
0.720342814263003
0.720347050948254
0.720351294814535
0.720355543592935
0.720359796213147
0.720364050265246
0.720368304604678
0.720372556696771
0.720376805339320
0.720381047890501
0.720385283108326
0.720389508262611
0.720393722090579
0.720397921793524
0.720402106107849
0.720406272187050
0.720410418787490
0.720414543036305
0.720418643731237
0.720422717995048
0.720426764688735
0.720430780953029
0.720434765734344
0.720438716213902
0.720442631445786
0.720446508674236
0.720450347083178
0.720454144002211
0.720457898767032
0.720461608814605
0.720465273653918
0.720468890850810
0.720472460108542
0.720475979142735
0.720479447871258
0.720482864179726
0.720486228220241
0.720489538067896
0.720492794127944
0.720495994683737
0.720499140411961
0.720502229822435
0.720505263881100
0.720508241342113
0.720511163478354
0.720514029306266
0.720516840423713
0.720519596128060
0.720522298361330
0.720524946722048
0.720527543517769
0.720530088671322
0.720532584880921
0.720535032421543
0.720537434413074
0.720539791517706
0.720542107316830
0.720544382905584
0.720546622379537
0.720548827327861
0.720551002431301
0.720553149855888
0.720555274964295
0.720557380612630
0.720559472978083
0.720561555762175
0.720563636138664
0.720565718867796
0.720567812369856
0.720569922756539
0.720572060037445
0.720574232076828
0.720576450942898
0.720578726801116
0.720581074419621
0.720583507014153
0.720586042927611
0.720588699447006
0.720591499681416
0.720594466378624
0.720597629034195
0.720601017745219
0.720604670594715
0.720608627593106
0.720612938397625
0.720617656410088
0.720622846911885
0.720628581410860
0.720634946300790
0.720642037583027
0.720649970197686
0.720658873290204
0.720668900413373
0.720680225569328
0.720693054551942
0.720707622076666
0.720724204628360
0.720743119102720
0.720764737654535
0.720789488425975
0.720817873067270
0.720850470333834
0.720887957193177
0.720931116355666
0.720980862212827
0.721038253754961
0.721104527041988
0.721181115496928
0.721269691241117
0.721372195495748
0.721490891990689
0.721628411243554
0.721787820479912
0.721972687016553
0.722187170862129
0.722436114490411
0.722725166742048
0.723060909193224
0.723451023454852
0.723904468472532
0.724431708213058
0.725044959997650
0.725758506303397
0.726589042004285
0.727556102811147
0.728682548959452
0.729995152943094
0.731525266974555
0.733309620647299
0.735391223201543
0.737820417237346
0.740656048006311
0.743966777183250
0.747832473181850
0.752345657282091
0.757612861540002
0.763755770325707
0.770911854773633
0.779234187305344
0.788889929594075
0.800056963075134
0.812917986039789
0.827651514950576
0.844419337179452
0.863350466733264
0.884522255993237
0.907940315980136
0.933519803408063
0.961071504996899
0.990296279652655
1.020790836501440
1.052066084464498
1.083577000763666
1.114760391340964
1.145075184016974
1.174039256530552
1.201257790310249
1.226440056825357
1.249404070679409
1.270070599151090
1.288449483468393
1.304621597281263
1.318719567859025
1.330909551864319
1.341375569544141
1.350307011972453
1.357889430436003
1.364298247158765
1.369694932881244
1.374225054371028
1.378017723169587
1.381185961040582
1.383827681543774
1.386026980890728
1.387855599499135
1.389374382359874
1.390634705431828
1.391679774979311
1.392545823463891
1.393263147456763
1.393857036539542
1.394348554237840
1.394755228936813
1.395091620092286
1.395369819155545
1.395599849979503
1.395790026698565
1.395947231680476
1.396077169367283
1.396184556206810
1.396273300441128
1.396346629846013
1.396407219541395
1.396457276274509
1.396498630082558
1.396532788431143
1.396561002895388
1.396584302486255
1.396603543142547
1.396619426731093
1.396632538749407
1.396643357481074
1.396652283633430
1.396659642732189
1.396665709254966
1.396670704381806
1.396674816381782
1.396678195169332
1.396680970148214
1.396683242565419
1.396685101637199
1.396686615378187
1.396687845574112
1.396688837548638
1.396689634369342
1.396690265867651
1.396690762342855
1.396691143049946
1.396691429583171
1.396691633977853
1.396691771898073
1.396691850451628
1.396691881267522
1.396691868091195
1.396691819810891
1.396691737878443
1.396691629325410
1.396691494039794
1.396691337800393
1.396691159429685
1.396690963866307
1.396690749207451
1.396690519833531
1.396690273348734
1.396690013767933
1.396689738360866
1.396689450908564
1.396689148454504
1.396688834635909
1.396688506343765
1.396688167133031
1.396687813792456
1.396687449836785
1.396687071986705
1.396686683745459
1.396686281788839
1.396685869628147
1.396685443909927
1.396685008166819
1.396684559026593
1.396684100052188
1.396683627859533
1.396683146047839
1.396682651225686
1.396682147032466
1.396681630072218
1.396681104026974
1.396680565497876
1.396680018211042
1.396679458765553
1.396678890932326
1.396678311308647
1.396677723710436
1.396677124733046
1.396676518237214
1.396675900815940
1.396675276374307
1.396674641502333
1.396674000148757
1.396673348899843
1.396672691747114
1.396672025272196
1.396671353508395
1.396670673031731
1.396669987916168
1.396669294731094
1.396668597589917
1.396667893054317
1.396667185275842
1.396666470807356
1.396665753837177
1.396665030908219
1.396664306244129
1.396663576376726
1.396662845563490
1.396662110323984
1.396661374947979
1.396660635941616
1.396659897625373
1.396659156490802
1.396658416887462
1.396657675291164
1.396656936078886
1.396656195709547
1.396655458585863
1.396654721148724
1.396653987824879
1.396653255036072
1.396652527231359
1.396651800812245
1.396651080248354
1.396650361919884
1.396649650315282
1.396648941792398
1.396648240856756
1.396647543842849
1.396646855271528
1.396646171452961
1.396645496921584
1.396644827962309
1.396644169121422
1.396643516657692
1.396642875127533
1.396642240762733
1.396641618128131
1.396641003427736
1.396640401233135
1.396639807719815
1.396639227464456
1.396638656613336
1.396638099746599
1.396637552980684
1.396637020897605
1.396636499583389
1.396635993620363
1.396635499063628
1.396635020494307
1.396634553936126
1.396634103967527
1.396633666580477
1.396633246349305
1.396632839233904
1.396632449803104
1.396632073984474
1.396631716340015
1.396631372764789
1.396631047812693
1.396630737346169
1.396630445909785
1.396630169333325
1.396629912150866
1.396629670159563
1.396629447881899
1.396629241082508
1.396629054271230
1.396628883180359
1.396628732306118
1.396628597348707
1.396628482789820
1.396628384297887
1.396628306339228
1.396628244550901
1.396628203383074
1.396628178441904
1.396628174160695
1.396628186115252
1.396628218721372
1.396628267525122
1.396628336924232
1.396628422435712
1.396628528438724
1.396628650421987
1.396628792745667
1.396628950871016
1.396629129138853
1.396629322983860
1.396629536727225
1.396629765778022
1.396630014437598
1.396630278090447
1.396630561017939
1.396630858581076
1.396631175041181
1.396631505736922
1.396631854909576
1.396632217876688
1.396632598859561
1.396632993155889
1.396633404967140
1.396633829572482
1.396634271153756
1.396634724972982
1.396635195192646
1.396635677059051
1.396636174715664
1.396636683394545
1.396637207220543
1.396637741412997
1.396638290078599
1.396638848425527
1.396639420542834
1.396640001629138
1.396640595756431
1.396641198115407
1.396641812761625
1.396642434879518
1.396643068508899
1.396643708829635
1.396644359866524
1.396645016796584
1.396645683630376
1.396646355543807
1.396647036534027
1.396647721777586
1.396648415259084
1.396649112157484
1.396649816445733
1.396650523306984
1.396651236703472
1.396651951824316
1.396652672622001
1.396653394293398
1.396654120782235
1.396654847294907
1.396655577767404
1.396656307417416
1.396657040174229
1.396657771268581
1.396658504624110
1.396659235486338
1.396659967774320
1.396660696750077
1.396661426329153
1.396662151791757
1.396662877051000
1.396663597406933
1.396664316771308
1.396665030465642
1.396665742401397
1.396666447923127
1.396667150943070
1.396667846830344
1.396668539499004
1.396669224344207
1.396669905282846
1.396670577737525
1.396671245628968
1.396671904408567
1.396672558001823
1.396673201890179
1.396673840004808
1.396674467858373
1.396675089388548
1.396675700140265
1.396676304058446
1.396676896721208
1.396677482081347
1.396678055750913
1.396678621691048
1.396679175548265
1.396679721292313
1.396680254604417
1.396680779462901
1.396681291583573
1.396681794952897
1.396682285320616
1.396682766680322
1.396683234814329
1.396683693721532
1.396684139214441
1.396684575294254
1.396684997799861
1.396685410730083
1.396685809944311
1.396686199431856
1.396686575063757
1.396686940809136
1.396687292537509
1.396687634181964
1.396687961591048
1.396688278638432
1.396688581123115
1.396688872824960
1.396689149451502
1.396689414638324
1.396689663940102
1.396689900774138
1.396690120452379
1.396690326065436
1.396690512550990
1.396690682514182
1.396690830325928
1.396690957873392
1.396691058678986
1.396691133571441
1.396691174812280
1.396691181673279
1.396691144551394
1.396691060431470
1.396690916962092
1.396690707772249
1.396690416468156
1.396690031757632
1.396689531309806
1.396688896619100
1.396688096643134
1.396687102306160
1.396685869791610
1.396684354537886
1.396682494005102
1.396680220947373
1.396677445390100
1.396674066862293
1.396669955198969
1.396664961269926
1.396658896043812
1.396651539134620
1.396642615303960
1.396631799832412
1.396618691257007
1.396602812116461
1.396583576167985
1.396560282388703
1.396532074112431
1.396497923202240
1.396456577384428
1.396406530109998
1.396345950687793
1.396272633348145
1.396183902384734
1.396076531087228
1.395946610727888
1.395789426051329
1.395599272278238
1.395369268416643
1.395091100211275
1.394754745448444
1.394348112868055
1.393856645028877
1.393262814180687
1.392545559339869
1.391679592178669
1.390634619392706
1.389374410612996
1.387855763803714
1.386027306184385
1.383828198195936
1.381186703899108
1.378018733867449
1.374226380354707
1.369696629582037
1.364300376718031
1.357892063331095
1.350310224880987
1.341379445703307
1.330914177200241
1.318725029103948
1.304627975408488
1.288456848827708
1.270079001988105
1.249413533961941
1.226450565789204
1.201269286441226
1.174051631061369
1.145088278916860
1.114774002446780
1.083590889804464
1.052079992679872
1.020804504444515
0.990309464034918
0.961083996384015
0.933531436031122
0.907950975140967
0.884531876464982
0.863359029867275
0.844426861533630
0.827658048912556
0.812923596975450
0.800061730939256
0.788893938494364
0.779237522297322
0.770914596565728
0.763757994969481
0.757614637395301
0.752347046505722
0.747833529860285
0.743967549678073
0.740656577499360
0.737820740377673
0.735391370670761
0.733309619854315
0.731525140482706
0.729994921127719
0.728682228255499
0.727555708324443
0.726588585585676
0.725757999131105
0.725044410497876
0.724431124635758
0.723903856678886
0.723450389506101
0.723060257021754
0.722724500768512
0.722435437191090
0.722186485425525
0.721971994816264
0.721787123778750
0.721627710578608
0.721490188930723
0.721371489943294
0.721268984247271
0.721180406484004
0.721103816678676
0.721037541102153
0.720980147661280
0.720930398696945
0.720887236621376
0.720849745443102
0.720817143918721
0.720788753472916
0.720763996875383
0.720742370854775
0.720723448847339
0.720706857059678
0.720692280224056
0.720679440196266
0.720668103935423
0.720658063965015
0.720649148001760
0.720641200784913
0.720634094930311
0.720627713762950
0.720621963083657
0.720616754735498
0.720612019052465
0.720607688960631
0.720603712938623
0.720600039506348
0.720596630571532
0.720593446197153
0.720590458241205
0.720587635322238
0.720584956683802
0.720582397298406
0.720579941906000
0.720577570212141
0.720575271063130
0.720573027705593
0.720570832070685
0.720568670070752
0.720566535972262
0.720564417711478
0.720562311341108
0.720560206351573
0.720558100180322
0.720555983528704
0.720553854925829
0.720551706033605
0.720549536259165
0.720547338042524
0.720545111513215
0.720542849756402
0.720540553510537
0.720538216408828
0.720535839715593
0.720533417540763
0.720530951613237
0.720528436466686
0.720525874248700
0.720523259876575
0.720520595881392
0.720517877532807
0.720515107717444
0.720512282031958
0.720509403695320
0.720506468609593
0.720503480305824
0.720500434972133
0.720497336433010
0.720494181144424
0.720490973206402
0.720487709324947
0.720484393857823
0.720481023743130
0.720477603578274
0.720474130515087
0.720470609371973
0.720467037495520
0.720463419905821
0.720459754124556
0.720456045353504
0.720452291269088
0.720448497234106
0.720444661058753
0.720440788245603
0.720436876717137
0.720432932093998
0.720428952389081
0.720424943319082
0.720420902965208
0.720416837118045
0.720412743904948
0.720408629168249
0.720404491059407
0.720400335450561
0.720396160495520
0.720391972074683
0.720387768322932
0.720383555107931
0.720379330525013
0.720375100408858
0.720370862795446
0.720366623467123
0.720362380381699
0.720358139250899
0.720353897936680
0.720349662063065
0.720345429379757
0.720341205407335
0.720336987768248
0.720332781865357
0.720328585180370
0.720324402985725
0.720320232610524
0.720316079185736
0.720311939877685
0.720307819666565
0.720303715547524
0.720299632342464
0.720295566868772
0.720291523784386
0.720287499724204
0.720283499178388
0.720279518596483
0.720275562298944
0.720271626548976
0.720267715497262
0.720263825221529
0.720259959704469
0.720256114841027
0.720252294449490
0.720248494246494
0.720244717891261
0.720240960928302
0.720237226864804
0.720233511080985
0.720229816940617
0.720226139669012
0.720222482496659
0.720218840504791
0.720215216802146
0.720211606338046
0.720208012112283
0.720204428955645
0.720200859772930
0.720197299290842
0.720193750334150
0.720190207540856
0.720186673671518
0.720183143291599
0.720179619113977
0.720176095648357
0.720172575577009
0.720169053371126
0.720165531699825
0.720162005013323
0.720158475985251
0.720154939062515
0.720151396940971
0.720147844081832
0.720144283220764
0.720140708850695
0.720137123764393
0.720133522503522
0.720129907934786
0.720126274665065
0.720122625651206
0.720118955581075
0.720115267517094
0.720111556243026
0.720107824941365
0.720104068505674
0.720100290251940
0.720096485196282
0.720092656800391
0.720088800214419
0.720084919056633
0.720081008621300
0.720077072692690
0.720073106717754
0.720069114654633
0.720065092109940
0.720061043221911
0.720056963762106
0.720052858053366
0.720048722035730
0.720044560219372
0.720040368714535
0.720036152219628
0.720031907014976
0.720027637986265
0.720023341581913
0.720019022872054
0.720014678469333
0.720010313623630
0.720005925106092
0.720001518339786
0.719997090246793
0.719992646414995
0.719988183908045
0.719983708468500
0.719979217290486
0.719974716259396
0.719970202687070
0.719965682588283
0.719961153378264
0.719956621186197
0.719952083514914
0.719947546591631
0.719943007989659
0.719938474016594
0.719933942297897
0.719929419202754
0.719924902389388
0.719920398268807
0.719915904511706
0.719911427550321
0.719906965046795
0.719902523433353
0.719898100342002
0.719893702183234
0.719889326536959
0.719884979769921
0.719880659387765
0.719876371691363
0.719872114089902
0.719867892796315
0.719863705101301
0.719859557108010
0.719855445966930
0.719851377649980
0.719847349146170
0.719843366275253
0.719839425844084
0.719835533499928
0.719831685847471
0.719827888341861
0.719824137366294
0.719820438164857
0.719816786880606
0.719813188528234
0.719809638992558
0.719806143040975
0.719802696282268
0.719799303218763
0.719795959165313
0.719792668341008
0.719789425748163
0.719786235303340
0.719783091676089
0.719779998458923
0.719776949965497
0.719773949439017
0.719770990809393
0.719768076939398
0.719765201340146
0.719762366454054
0.719759565327759
0.719756799930611
0.719754062783790
0.719751355312622
0.719748669430213
0.719746005921272
0.719743355977953
0.719740719612101
0.719738087140130
0.719735457619555
0.719732820278575
0.719730172971358
0.719727503546407
0.719724808313187
0.719722073341221
0.719719292928082
0.719716450818291
0.719713538659289
0.719710537125257
0.719707434343089
0.719704206900956
0.719700838220065
0.719697299420638
0.719693567606836
0.719689606553122
0.719685384858423
0.719680856402733
0.719675978311289
0.719670691113593
0.719664936437736
0.719658636780108
0.719651712822187
0.719644062686928
0.719635578732815
0.719626126129400
0.719615558932799
0.719603697754228
0.719590344852996
0.719575260592907
0.719558177197173
0.719538773581432
0.719516687291954
0.719491487161638
0.719462682788081
0.719429694268457
0.719391858353943
0.719348394265595
0.719298405369105
0.719240839737403
0.719174485803342
0.719097925892210
0.719009523804156
0.718907368963811
0.718789253230526
0.718652602574187
0.718494439582280
0.718311298646816
0.718099169615783
0.717853391360477
0.717568570818059
0.717238448542548
0.716855786087120
0.716412195867121
0.715897988661240
0.715301959174725
0.714611184903965
0.713810758911813
0.712883532431417
0.711809788989313
0.710566927895523
0.709129081654269
0.707466749493874
0.705546377750862
0.703329978048398
0.700774725994508
0.697832647508376
0.694450356871178
0.690568981101939
0.686124269283678
0.681047062899582
0.675264173236494
0.668699891107841
0.661278218438002
0.652926069829914
0.643577514237406
0.633179210734829
0.621696903265590
0.609122776106901
0.595483024383499
0.580844806078021
0.565321283807249
0.549073461780236
0.532307508370566
0.515266917478849
0.498219585900014
0.481441084297485
0.465196188831887
0.449721380546946
0.435210740107079
0.421807065914659
0.409598804787695
0.398622413256102
0.388868812637029
0.380292358523755
0.372820652909322
0.366363987087947
0.360823517755511
0.356097838770704
0.352087816158331
0.348699899567148
0.345848105757130
0.343455029416318
0.341452093189011
0.339779334236963
0.338384849770111
0.337224102579903
0.336259121974859
0.335457728254166
0.334792759816792
0.334241388863477
0.333784475241294
0.333406023928547
0.333092682734827
0.332833337475815
0.332618736843185
0.332441201924067
0.332294352135696
0.332172902709797
0.332072466514837
0.331989416342649
0.331920741838093
0.331863958278632
0.331817002697400
0.331778175461462
0.331746063901470
0.331719506772277
0.331697537021870
0.331679362096305
0.331664319952742
0.331651870277292
0.331641559631996
0.331633020159097
0.331625941016174
0.331620072199162
0.331615200304512
0.331611155840856
0.331607791971075
0.331604994192960
0.331602661137997
0.331600715853079
0.331599088024430
0.331597726334091
0.331596581677507
0.331595620234213
0.331594807384696
0.331594121248191
0.331593537098238
0.331593041198153
0.331592615578816
0.331592252055494
0.331591937275239
0.331591666835018
0.331591430536027
0.331591226547927
0.331591046827789
0.331590891292212
0.331590753372543
0.331590634168265
0.331590528119639
0.331590437123687
0.331590356311866
0.331590288115435
0.331590228140153
0.331590179171564
0.331590137141679
0.331590105067300
0.331590079105660
0.331590062420679
0.331590051325892
0.331590049074776
0.331590052090172
0.331590063675715
0.331590080331548
0.331590105384483
0.331590135390193
0.331590173680197
0.331590216850917
0.331590268225931
0.331590324432420
0.331590388777372
0.331590457912004
0.331590535120813
0.331590617074571
0.331590707031285
0.331590801678334
0.331590904244544
0.331591011432011
0.331591126438611
0.331591245979979
0.331591373221922
0.331591504892939
0.331591644126098
0.331591787662431
0.331591938601936
0.331592093698078
0.331592256017695
0.331592422326755
0.331592595659024
0.331592772793153
0.331592956730076
0.331593144261381
0.331593338355516
0.331593535817316
0.331593739583186
0.331593946471553
0.331594159387295
0.331594375162803
0.331594596672009
0.331594820761656
0.331595050275374
0.331595282074645
0.331595518973498
0.331595757848549
0.331596001484967
0.331596246774897
0.331596496475441
0.331596747494656
0.331597002562407
0.331597258603047
0.331597518320070
0.331597778654492
0.331598042284344
0.331598306167661
0.331598572957942
0.331598839630586
0.331599108815528
0.331599377505855
0.331599648308927
0.331599918235829
0.331600189872365
0.331600460247905
0.331600731927735
0.331601001959776
0.331601272889854
0.331601541784687
0.331601811171718
0.331602078136679
0.331602345189719
0.331602609435781
0.331602873368825
0.331603134113169
0.331603394147695
0.331603650616240
0.331603905983728
0.331604157413622
0.331604407358015
0.331604653000079
0.331604896780205
0.331605135901318
0.331605372793239
0.331605604678665
0.331605833977974
0.331606057933619
0.331606278957661
0.331606494312257
0.331606706402271
0.331606912509479
0.331607115032660
0.331607311273092
0.331607503624567
0.331607689407712
0.331607871012422
0.331608045778482
0.331608216092964
0.331608379314586
0.331608537828657
0.331608689012566
0.331608835250899
0.331608973939416
0.331609107463004
0.331609233235459
0.331609353642968
0.331609466116992
0.331609573045996
0.331609671878695
0.331609765006788
0.331609849895801
0.331609928941589
0.331609999626013
0.331610064349979
0.331610120611173
0.331610170816419
0.331610212478675
0.331610248011524
0.331610274942615
0.331610295693093
0.331610307804680
0.331610313706859
0.331610310954776
0.331610301986985
0.331610284371377
0.331610260556284
0.331610228121626
0.331610189526177
0.331610142361148
0.331610089096380
0.331610027333607
0.331609959554328
0.331609883369998
0.331609801274325
0.331609710887663
0.331609614716438
0.331609510389054
0.331609400425127
0.331609282460234
0.331609159027612
0.331609027769117
0.331608891231993
0.331608747063461
0.331608597825116
0.331608441168608
0.331608279670191
0.331608110984988
0.331607937704174
0.331607757485379
0.331607572934918
0.331607381711946
0.331607186438093
0.331606984773048
0.331606779353890
0.331606567839836
0.331606352883512
0.331606132142649
0.331605908285468
0.331605678967199
0.331605446871670
0.331605209650584
0.331604970003346
0.331604725577111
0.331604479086789
0.331604228173963
0.331603975568934
0.331603718906698
0.331603460932794
0.331603199274618
0.331602936692755
0.331602670805995
0.331602404389742
0.331602135053185
0.331601865586280
0.331601593587632
0.331601321861450
0.331601047994787
0.331600774805766
0.331600499868940
0.331600226015976
0.331599950807996
0.331599677089808
0.331599402408198
0.331599129620681
0.331598856258823
0.331598585192383
0.331598313936854
0.331598045373745
0.331597777001654
0.331597511713320
0.331597246989658
0.331596985734090
0.331596725409093
0.331596468928206
0.331596213734754
0.331595962751798
0.331595713402842
0.331595468619858
0.331595225805902
0.331594987901228
0.331594752287863
0.331594521913702
0.331594294139218
0.331594071919290
0.331593852592367
0.331593639119651
0.331593428817157
0.331593224651744
0.331593023916656
0.331592829583748
0.331592638923225
0.331592454911292
0.331592274794937
0.331592101554095
0.331591932412458
0.331591770353114
0.331591612576506
0.331591462068360
0.331591316006068
0.331591177377589
0.331591043337651
0.331590916876188
0.331590795125913
0.331590681078704
0.331590571846244
0.331590470422655
0.331590373900048
0.331590285275577
0.331590201623894
0.331590125946685
0.331590055304183
0.331589992705144
0.331589935199756
0.331589885807908
0.331589841576019
0.331589805541404
0.331589774755755
0.331589752283369
0.331589735194259
0.331589726594031
0.331589723589914
0.331589729350129
0.331589741046530
0.331589761941495
0.331589789311343
0.331589826559115
0.331589871123625
0.331589926617007
0.331589990725176
0.331590067369896
0.331590154607701
0.331590256817523
0.331590372606979
0.331590507028552
0.331590659504774
0.331590836078875
0.331591037374202
0.331591270889585
0.331591539013814
0.331591851382409
0.331592212975980
0.331592636564510
0.331593130930097
0.331593713438749
0.331594398445022
0.331595210051700
0.331596170778733
0.331597314601043
0.331598676000517
0.331600303415965
0.331602248850092
0.331604581929712
0.331607380317320
0.331610744673447
0.331614790235987
0.331619663113636
0.331625533561897
0.331632614236602
0.331641155937272
0.331651468741306
0.331663921337156
0.331678966383680
0.331697145066149
0.331719118639263
0.331745680576696
0.331777797140979
0.331816630556222
0.331863592712473
0.331920384296406
0.331989067522827
0.332072128264967
0.332172576178076
0.332294039749544
0.332440905499127
0.332618459647404
0.332833082304455
0.333092454070480
0.333405825990833
0.333784314256150
0.334241271098033
0.334792693972554
0.335457723497095
0.336259190464659
0.337224257498719
0.338385107988392
0.339779714323576
0.341452618182673
0.343455724751719
0.345849002043127
0.348701030269067
0.352089220162001
0.356099557508502
0.360825597162816
0.366366473684663
0.372823594619114
0.380295799186244
0.388872791316200
0.398626957107814
0.409603927318162
0.421812759369463
0.435216974678358
0.449728098990006
0.465203309675664
0.481448501419754
0.498227177361489
0.515274549889436
0.532315049120899
0.549080784263372
0.565328278254361
0.580851381155965
0.595489113424371
0.609128333723329
0.621701907386584
0.633183655997453
0.643581412209668
0.652929441610628
0.661281095078330
0.668702306866349
0.675266167037421
0.681048672615111
0.686125534245703
0.690569937237662
0.694451039984349
0.697833088967121
0.700774956487783
0.703330023575057
0.705546263637831
0.707466496520437
0.709128710200147
0.710566454103619
0.711809228970413
0.712882898414239
0.713810063467448
0.714610437058961
0.715301168639226
0.715897161895545
0.716411340308637
0.716854906168315
0.717237549917370
0.717567656332639
0.717852465282142
0.718098233559116
0.718310355809246
0.718493490628306
0.718651649881569
0.718788296735187
0.718906410420346
0.719008562593441
0.719096963299525
0.719173520790209
0.719239873240173
0.719297436036075
0.719347422778511
0.719390883131057
0.719428715811050
0.719461699349777
0.719490499121774
0.719515692791220
0.719537772923675
0.719557168451223
0.719574244024220
0.719589318491372
0.719602661856551
0.719614511516233
0.719625067466369
0.719634506849181
0.719642977890250
0.719650613164324
0.719657522619738
0.719663805866769
0.719669544554865
0.719674813908152
0.719679674652797
0.719684183965656
0.719688387098474
0.719692327862183
0.719696040057084
0.719699557583058
0.719702905757036
0.719706111115506
0.719709192679907
0.719712171500169
0.719715061913345
0.719717880863840
0.719720639189250
0.719723350743263
0.719726023734265
0.719728669669749
0.719731294766987
0.719733908732533
0.719736516259609
0.719739125652383
0.719741740421287
0.719744367758887
0.719747010241766
0.719749674162701
0.719752361345830
0.719755077338312
0.719757823344045
0.719760604276855
0.719763420816974
0.719766277326959
0.719769174034331
0.719772114810836
0.719775099484016
0.719778131480003
0.719781210266321
0.719784338858090
0.719787516394005
0.719790745505609
0.719794025028106
0.719797357232224
0.719800740671289
0.719804177275108
0.719807665334546
0.719811206456795
0.719814798688566
0.719818443332071
0.719822138207808
0.719825884330583
0.719829679312762
0.719833523899661
0.719837415514053
0.719841354650267
0.719845338560652
0.719849367507759
0.719853438593387
0.719857551868253
0.719861704304188
0.719865895760719
0.719870123100923
0.719874386014400
0.719878681277229
0.719883008430834
0.719887364186451
0.719891747959432
0.719896156418565
0.719900588875421
0.719905041978817
0.719909514958834
0.719914004466691
0.719918509673105
0.719923027253785
0.719927556341855
0.719932093659137
0.719936638322401
0.719941187120561
0.719945739174563
0.719950291360576
0.719954842823376
0.719959390545574
0.719963933714384
0.719968469436917
0.719972996960256
0.719977513532784
0.719982018477559
0.719986509199613
0.719990985112638
0.719995443792164
0.719999884755617
0.720004305761262
0.720008706441713
0.720013084748486
0.720017440439109
0.720021771667096
0.720026078322824
0.720030358768713
0.720034613034086
0.720038839695316
0.720043038924904
0.720047209516322
0.720051351787608
0.720055464750591
0.720059548869319
0.720063603373358
0.720067628871391
0.720071624808239
0.720075591934026
0.720079529904543
0.720083439606386
0.720087320900281
0.720091174802629
0.720095001371376
0.720098801744441
0.720102576167684
0.720106325890728
0.720110051336553
0.720113753855245
0.720117434034736
0.720121093313030
0.720124732429591
0.720128352896619
0.720131955590570
0.720135542083081
0.720139113372078
0.720142671072982
0.720146216288851
0.720149750662494
0.720153275385083
0.720156792109847
0.720160302098546
0.720163806997440
