0.754612 0.695602 0.410000 1.270000
0.330201 1.404707 0.410000 1.270000
0.798291 0.663508 0.410000 1.280000
0.328723 1.410825 0.410000 1.280000
1.372717 0.344430 0.410000 1.300000
0.344420 1.372738 0.410000 1.300000
1.388751 0.337683 0.410000 1.310000
0.337704 1.388715 0.410000 1.310000
0.743408 0.704157 0.420000 1.250000
0.330654 1.402450 0.420000 1.250000
0.780636 0.676499 0.420000 1.260000
0.329222 1.408634 0.420000 1.260000
0.828599 0.641656 0.420000 1.270000
0.328141 1.413239 0.420000 1.270000
1.356784 0.351466 0.420000 1.280000
0.351450 1.356824 0.420000 1.280000
1.372777 0.344402 0.420000 1.290000
0.344426 1.372727 0.420000 1.290000
1.388741 0.337686 0.420000 1.300000
0.337701 1.388717 0.420000 1.300000
0.734077 0.711269 0.430000 1.230000
0.331053 1.400478 0.430000 1.230000
0.766676 0.686645 0.430000 1.240000
0.329736 1.406701 0.430000 1.240000
0.806622 0.657373 0.430000 1.250000
0.328543 1.411706 0.430000 1.250000
1.356810 0.351454 0.430000 1.270000
0.351456 1.356811 0.430000 1.270000
1.372783 0.344399 0.430000 1.280000
0.344425 1.372730 0.430000 1.280000
1.388742 0.337686 0.430000 1.290000
0.337701 1.388720 0.430000 1.290000
0.726124 0.717222 0.440000 1.210000
0.331438 1.398773 0.440000 1.210000
0.755273 0.695106 0.440000 1.220000
0.330172 1.404837 0.440000 1.220000
0.789988 0.669642 0.440000 1.230000
0.328937 1.409825 0.440000 1.230000
0.832993 0.638583 0.440000 1.240000
0.328077 1.413410 0.440000 1.240000
1.356824 0.351448 0.440000 1.260000
0.351456 1.356810 0.440000 1.260000
1.372757 0.344411 0.440000 1.270000
0.344425 1.372730 0.440000 1.270000
1.388748 0.337683 0.440000 1.280000
0.337700 1.388719 0.440000 1.280000
0.745804 0.702325 0.450000 1.200000
0.330542 1.402987 0.450000 1.200000
0.776524 0.679491 0.450000 1.210000
0.329362 1.408096 0.450000 1.210000
0.813051 0.652698 0.450000 1.220000
0.328415 1.412282 0.450000 1.220000
1.356822 0.351449 0.450000 1.250000
0.351455 1.356814 0.450000 1.250000
1.372742 0.344419 0.450000 1.260000
0.344423 1.372733 0.450000 1.260000
1.388742 0.337686 0.450000 1.270000
0.337700 1.388720 0.450000 1.270000
0.737720 0.708510 0.460000 1.180000
0.330882 1.401272 0.460000 1.180000
0.765275 0.687674 0.460000 1.190000
0.329788 1.406495 0.460000 1.190000
0.797477 0.664105 0.460000 1.200000
0.328748 1.410716 0.460000 1.200000
0.836295 0.636277 0.460000 1.210000
0.328037 1.413510 0.460000 1.210000
1.341146 0.358862 0.460000 1.230000
0.358875 1.341110 0.460000 1.230000
1.356817 0.351451 0.460000 1.240000
0.351457 1.356810 0.460000 1.240000
1.372763 0.344408 0.460000 1.250000
0.344423 1.372732 0.460000 1.250000
1.388750 0.337682 0.460000 1.260000
0.337701 1.388718 0.460000 1.260000
0.730622 0.713873 0.470000 1.160000
0.331204 1.399769 0.470000 1.160000
0.755749 0.694743 0.470000 1.170000
0.330157 1.404913 0.470000 1.170000
0.784643 0.673571 0.470000 1.180000
0.329098 1.409141 0.470000 1.180000
0.818150 0.649038 0.470000 1.190000
0.328324 1.412652 0.470000 1.190000
1.341150 0.358859 0.470000 1.220000
0.358875 1.341109 0.470000 1.220000
1.356830 0.351445 0.470000 1.230000
0.351456 1.356811 0.470000 1.230000
1.372762 0.344409 0.470000 1.240000
0.344426 1.372728 0.470000 1.240000
1.388735 0.337689 0.470000 1.250000
0.337700 1.388719 0.470000 1.250000
0.724396 0.718504 0.480000 1.140000
0.331527 1.398389 0.480000 1.140000
0.747567 0.700972 0.480000 1.150000
0.330472 1.403347 0.480000 1.150000
0.773727 0.681517 0.480000 1.160000
0.329472 1.407699 0.480000 1.160000
0.803533 0.659640 0.480000 1.170000
0.328606 1.411399 0.480000 1.170000
0.838824 0.634513 0.480000 1.180000
0.328009 1.413575 0.480000 1.180000
1.341120 0.358874 0.480000 1.210000
0.358872 1.341116 0.480000 1.210000
1.356844 0.351438 0.480000 1.220000
0.351458 1.356808 0.480000 1.220000
1.372747 0.344416 0.480000 1.230000
0.344423 1.372732 0.480000 1.230000
1.388738 0.337688 0.480000 1.240000
0.337697 1.388727 0.480000 1.240000
0.740468 0.706402 0.490000 1.130000
0.330782 1.401812 0.490000 1.130000
0.764303 0.688383 0.490000 1.140000
0.329831 1.406333 0.490000 1.140000
0.791391 0.668601 0.490000 1.150000
0.328914 1.409962 0.490000 1.150000
0.822242 0.646133 0.490000 1.160000
0.328244 1.412923 0.490000 1.160000
1.325707 0.366784 0.490000 1.190000
0.366757 1.325779 0.490000 1.190000
1.341115 0.358876 0.490000 1.200000
0.358873 1.341115 0.490000 1.200000
1.356830 0.351445 0.490000 1.210000
0.351457 1.356810 0.490000 1.210000
1.372765 0.344408 0.490000 1.220000
0.344424 1.372732 0.490000 1.220000
1.388741 0.337686 0.490000 1.230000
0.337700 1.388720 0.490000 1.230000
0.734096 0.711248 0.500000 1.110000
0.331060 1.400463 0.500000 1.110000
0.756089 0.694490 0.500000 1.120000
0.330140 1.404983 0.500000 1.120000
0.780902 0.676295 0.500000 1.130000
0.329232 1.408623 0.500000 1.130000
0.808584 0.655940 0.500000 1.140000
0.328506 1.411886 0.500000 1.140000
0.840815 0.633125 0.500000 1.150000
0.327980 1.413641 0.500000 1.150000
1.325751 0.366761 0.500000 1.180000
0.366762 1.325768 0.500000 1.180000
1.341144 0.358863 0.500000 1.190000
0.358874 1.341113 0.500000 1.190000
1.356831 0.351444 0.500000 1.200000
0.351454 1.356814 0.500000 1.200000
1.372751 0.344414 0.500000 1.210000
0.344421 1.372738 0.500000 1.210000
1.388738 0.337688 0.500000 1.220000
0.337701 1.388718 0.500000 1.220000
0.728345 0.715571 0.510000 1.090000
0.331321 1.399268 0.510000 1.090000
0.748921 0.699930 0.510000 1.100000
0.330425 1.403604 0.510000 1.100000
0.771680 0.683000 0.510000 1.110000
0.329551 1.407407 0.510000 1.110000
0.797024 0.664440 0.510000 1.120000
0.328761 1.410660 0.510000 1.120000
0.825660 0.643714 0.510000 1.130000
0.328203 1.413069 0.510000 1.130000
1.325739 0.366768 0.510000 1.170000
0.366759 1.325773 0.510000 1.170000
1.341120 0.358874 0.510000 1.180000
0.358872 1.341116 0.510000 1.180000
1.356819 0.351450 0.510000 1.190000
0.351455 1.356813 0.510000 1.190000
1.372748 0.344416 0.510000 1.200000
0.344423 1.372734 0.510000 1.200000
1.388747 0.337683 0.510000 1.210000
0.337699 1.388721 0.510000 1.210000
0.723166 0.719439 0.520000 1.070000
0.331574 1.398157 0.520000 1.070000
0.742523 0.704839 0.520000 1.080000
0.330683 1.402282 0.520000 1.080000
0.763557 0.688934 0.520000 1.090000
0.329857 1.406223 0.520000 1.090000
0.786966 0.671863 0.520000 1.100000
0.329027 1.409435 0.520000 1.100000
0.812825 0.652859 0.520000 1.110000
0.328429 1.412241 0.520000 1.110000
0.842481 0.631958 0.520000 1.120000
0.327978 1.413646 0.520000 1.120000
1.325752 0.366762 0.520000 1.160000
0.366762 1.325767 0.520000 1.160000
1.341138 0.358865 0.520000 1.170000
0.358874 1.341112 0.520000 1.170000
1.356838 0.351441 0.520000 1.180000
0.351458 1.356808 0.520000 1.180000
1.372735 0.344422 0.520000 1.190000
0.344422 1.372735 0.520000 1.190000
1.388729 0.337692 0.520000 1.200000
0.337698 1.388723 0.520000 1.200000
0.736753 0.709245 0.530000 1.060000
0.330931 1.401053 0.530000 1.060000
0.756363 0.694281 0.530000 1.070000
0.330134 1.405022 0.530000 1.070000
0.778065 0.678367 0.530000 1.080000
0.329316 1.408282 0.530000 1.080000
0.801835 0.660885 0.530000 1.090000
0.328656 1.411186 0.530000 1.090000
0.828462 0.641747 0.530000 1.100000
0.328154 1.413209 0.530000 1.100000
1.309865 0.374841 0.530000 1.140000
0.374799 1.309963 0.530000 1.140000
1.325742 0.366766 0.530000 1.150000
0.366760 1.325771 0.530000 1.150000
1.341126 0.358871 0.530000 1.160000
0.358875 1.341110 0.530000 1.160000
1.356831 0.351444 0.530000 1.170000
0.351456 1.356811 0.530000 1.170000
1.372738 0.344421 0.530000 1.180000
0.344423 1.372732 0.530000 1.180000
1.388740 0.337687 0.530000 1.190000
0.337700 1.388720 0.530000 1.190000
0.731514 0.713196 0.540000 1.040000
0.331168 1.399943 0.540000 1.040000
0.749948 0.699145 0.540000 1.050000
0.330382 1.403814 0.540000 1.050000
0.770101 0.684153 0.540000 1.060000
0.329605 1.407199 0.540000 1.060000
0.792211 0.667995 0.540000 1.070000
0.328891 1.410065 0.540000 1.070000
0.816423 0.650270 0.540000 1.080000
0.328362 1.412515 0.540000 1.080000
0.843827 0.631015 0.540000 1.090000
0.327967 1.413669 0.540000 1.090000
1.310011 0.374769 0.540000 1.130000
0.374818 1.309921 0.540000 1.130000
1.325749 0.366763 0.540000 1.140000
0.366760 1.325770 0.540000 1.140000
1.341120 0.358874 0.540000 1.150000
0.358872 1.341116 0.540000 1.150000
1.356821 0.351449 0.540000 1.160000
0.351456 1.356810 0.540000 1.160000
1.372767 0.344407 0.540000 1.170000
0.344423 1.372734 0.540000 1.170000
1.388751 0.337682 0.540000 1.180000
0.337702 1.388717 0.540000 1.180000
0.726711 0.716792 0.550000 1.020000
0.331400 1.398921 0.550000 1.020000
0.744168 0.703577 0.550000 1.030000
0.330614 1.402630 0.550000 1.030000
0.762973 0.689364 0.550000 1.040000
0.329879 1.406132 0.550000 1.040000
0.783610 0.674324 0.550000 1.050000
0.329130 1.409006 0.550000 1.050000
0.805958 0.657856 0.550000 1.060000
0.328562 1.411627 0.550000 1.060000
0.830830 0.640090 0.550000 1.070000
0.328116 1.413311 0.550000 1.070000
1.309923 0.374812 0.550000 1.120000
0.374806 1.309947 0.550000 1.120000
1.325738 0.366768 0.550000 1.130000
0.366760 1.325771 0.550000 1.130000
1.341135 0.358867 0.550000 1.140000
0.358875 1.341111 0.550000 1.140000
1.356829 0.351445 0.550000 1.150000
0.351454 1.356815 0.550000 1.150000
1.372754 0.344413 0.550000 1.160000
0.344424 1.372732 0.550000 1.160000
1.388738 0.337688 0.550000 1.170000
0.337699 1.388720 0.550000 1.170000
0.722310 0.720072 0.560000 1.000000
0.331618 1.397961 0.560000 1.000000
0.738919 0.707591 0.560000 1.010000
0.330843 1.401496 0.560000 1.010000
0.756570 0.694124 0.560000 1.020000
0.330132 1.405047 0.560000 1.020000
0.775883 0.679948 0.560000 1.030000
0.329396 1.407983 0.560000 1.030000
0.796741 0.664647 0.560000 1.040000
0.328771 1.410618 0.560000 1.040000
0.819469 0.648102 0.560000 1.050000
0.328289 1.412764 0.560000 1.050000
0.844954 0.630227 0.560000 1.060000
0.327959 1.413686 0.560000 1.060000
1.309939 0.374805 0.560000 1.110000
0.374808 1.309944 0.560000 1.110000
1.325738 0.366768 0.560000 1.120000
0.366759 1.325773 0.560000 1.120000
1.341102 0.358883 0.560000 1.130000
0.358870 1.341122 0.560000 1.130000
1.356820 0.351450 0.560000 1.140000
0.351453 1.356817 0.560000 1.140000
1.372768 0.344406 0.560000 1.150000
0.344423 1.372733 0.560000 1.150000
1.388747 0.337683 0.560000 1.160000
0.337700 1.388720 0.560000 1.160000
0.734071 0.711276 0.570000 0.990000
0.331051 1.400483 0.570000 0.990000
0.750786 0.698502 0.570000 1.000000
0.330354 1.403966 0.570000 1.000000
0.768876 0.685038 0.570000 1.010000
0.329654 1.407017 0.570000 1.010000
0.788473 0.670753 0.570000 1.020000
0.328994 1.409603 0.570000 1.020000
0.809541 0.655242 0.570000 1.030000
0.328490 1.411967 0.570000 1.030000
0.832836 0.638691 0.570000 1.040000
0.328080 1.413402 0.570000 1.040000
1.293481 0.382993 0.570000 1.090000
0.383074 1.293292 0.570000 1.090000
1.309920 0.374813 0.570000 1.100000
0.374803 1.309953 0.570000 1.100000
1.325766 0.366755 0.570000 1.110000
0.366762 1.325767 0.570000 1.110000
1.341129 0.358870 0.570000 1.120000
0.358874 1.341113 0.570000 1.120000
1.356829 0.351445 0.570000 1.130000
0.351455 1.356813 0.570000 1.130000
1.372766 0.344407 0.570000 1.140000
0.344424 1.372730 0.570000 1.140000
1.388733 0.337690 0.570000 1.150000
0.337700 1.388720 0.570000 1.150000
0.729628 0.714601 0.580000 0.970000
0.331267 1.399519 0.580000 0.970000
0.745522 0.702532 0.580000 0.980000
0.330565 1.402897 0.580000 0.980000
0.762511 0.689705 0.580000 0.990000
0.329897 1.406060 0.580000 0.990000
0.780975 0.676248 0.580000 1.000000
0.329215 1.408667 0.580000 1.000000
0.800712 0.661716 0.580000 1.010000
0.328673 1.411082 0.580000 1.010000
0.822186 0.646170 0.580000 1.020000
0.328255 1.412898 0.580000 1.020000
0.845904 0.629564 0.580000 1.030000
0.327946 1.413716 0.580000 1.030000
1.293241 0.383109 0.580000 1.080000
0.383041 1.293364 0.580000 1.080000
1.309973 0.374787 0.580000 1.090000
0.374812 1.309933 0.580000 1.090000
1.325713 0.366780 0.580000 1.100000
0.366758 1.325777 0.580000 1.100000
1.341148 0.358861 0.580000 1.110000
0.358878 1.341105 0.580000 1.110000
1.356818 0.351451 0.580000 1.120000
0.351453 1.356817 0.580000 1.120000
1.372771 0.344405 0.580000 1.130000
0.344428 1.372724 0.580000 1.130000
1.388727 0.337693 0.580000 1.140000
0.337695 1.388728 0.580000 1.140000
0.725485 0.717702 0.590000 0.950000
0.331465 1.398647 0.590000 0.950000
0.740675 0.706254 0.590000 0.960000
0.330765 1.401880 0.590000 0.960000
0.756740 0.693996 0.590000 0.970000
0.330122 1.405082 0.590000 0.970000
0.774124 0.681230 0.590000 0.980000
0.329453 1.407762 0.590000 0.980000
0.792743 0.667604 0.590000 0.990000
0.328871 1.410143 0.590000 0.990000
0.812695 0.652957 0.590000 1.000000
0.328426 1.412244 0.590000 1.000000
0.834626 0.637442 0.590000 1.010000
0.328061 1.413453 0.590000 1.010000
1.325790 0.366743 0.590000 1.090000
0.366770 1.325749 0.590000 1.090000
1.341141 0.358864 0.590000 1.100000
0.358877 1.341107 0.590000 1.100000
1.356829 0.351445 0.590000 1.110000
0.351454 1.356815 0.590000 1.110000
1.372748 0.344415 0.590000 1.120000
0.344424 1.372731 0.590000 1.120000
1.388736 0.337689 0.590000 1.130000
0.337700 1.388719 0.590000 1.130000
0.721647 0.720569 0.600000 0.930000
0.331651 1.397814 0.600000 0.930000
0.736197 0.709666 0.600000 0.940000
0.330954 1.400936 0.600000 0.940000
0.751456 0.697998 0.600000 0.950000
0.330324 1.404111 0.600000 0.950000
0.767864 0.685783 0.600000 0.960000
0.329688 1.406882 0.600000 0.960000
0.785495 0.672942 0.600000 0.970000
0.329076 1.409237 0.600000 0.970000
0.804195 0.659153 0.600000 0.980000
0.328596 1.411458 0.600000 0.980000
0.824510 0.644528 0.600000 0.990000
0.328211 1.413035 0.600000 0.990000
0.846713 0.628997 0.600000 1.000000
0.327942 1.413725 0.600000 1.000000
1.293214 0.383121 0.600000 1.060000
0.383031 1.293385 0.600000 1.060000
1.356810 0.351454 0.600000 1.100000
0.351451 1.356821 0.600000 1.100000
1.372772 0.344405 0.600000 1.110000
0.344427 1.372726 0.600000 1.110000
1.388773 0.337671 0.600000 1.120000
0.337705 1.388710 0.600000 1.120000
0.732027 0.712815 0.610000 0.920000
0.331145 1.400051 0.610000 0.920000
0.746622 0.701694 0.610000 0.930000
0.330521 1.403127 0.610000 0.930000
0.762135 0.689984 0.610000 0.940000
0.329906 1.406011 0.610000 0.940000
0.778835 0.677806 0.610000 0.950000
0.329289 1.408384 0.610000 0.950000
0.796546 0.664792 0.610000 0.960000
0.328776 1.410596 0.610000 0.960000
0.815470 0.650958 0.610000 0.970000
0.328374 1.412460 0.610000 0.970000
0.836124 0.636395 0.610000 0.980000
0.328042 1.413498 0.610000 0.980000
1.341162 0.358854 0.610000 1.080000
0.358882 1.341096 0.610000 1.080000
1.356848 0.351436 0.610000 1.090000
0.351461 1.356802 0.610000 1.090000
1.372775 0.344403 0.610000 1.100000
0.344429 1.372722 0.610000 1.100000
1.388733 0.337690 0.610000 1.110000
0.337697 1.388726 0.610000 1.110000
0.728140 0.715723 0.620000 0.900000
0.331331 1.399225 0.620000 0.900000
0.742141 0.705133 0.620000 0.910000
0.330702 1.402195 0.620000 0.910000
0.756870 0.693903 0.620000 0.920000
0.330113 1.405118 0.620000 0.920000
0.772702 0.682263 0.620000 0.930000
0.329508 1.407561 0.620000 0.930000
0.789523 0.669980 0.620000 0.940000
0.328958 1.409746 0.620000 0.940000
0.807324 0.656858 0.620000 0.950000
0.328530 1.411770 0.620000 0.950000
0.826565 0.643082 0.620000 0.960000
0.328177 1.413138 0.620000 0.960000
0.847448 0.628481 0.620000 0.970000
0.327936 1.413737 0.620000 0.970000
1.388742 0.337686 0.620000 1.100000
0.337700 1.388720 0.620000 1.100000
0.724525 0.718415 0.630000 0.880000
0.331507 1.398448 0.630000 0.880000
0.737970 0.708321 0.630000 0.890000
0.330875 1.401317 0.630000 0.890000
0.752034 0.697554 0.630000 0.900000
0.330304 1.404214 0.630000 0.900000
0.767033 0.686389 0.630000 0.910000
0.329717 1.406766 0.630000 0.910000
0.783067 0.674720 0.630000 0.920000
0.329153 1.408924 0.630000 0.920000
0.799925 0.662295 0.630000 0.930000
0.328695 1.410987 0.630000 0.930000
0.817936 0.649192 0.630000 0.940000
0.328324 1.412645 0.630000 0.940000
0.837451 0.635469 0.630000 0.950000
0.328025 1.413538 0.630000 0.950000
1.372745 0.344417 0.630000 1.080000
0.344422 1.372735 0.630000 1.080000
1.388743 0.337686 0.630000 1.090000
0.337701 1.388718 0.630000 1.090000
0.721131 0.720955 0.640000 0.860000
0.331675 1.397702 0.640000 0.860000
0.734072 0.711277 0.640000 0.870000
0.331052 1.400483 0.640000 0.870000
0.747553 0.700980 0.640000 0.880000
0.330480 1.403326 0.640000 0.880000
0.761821 0.690214 0.640000 0.890000
0.329922 1.405952 0.640000 0.890000
0.777068 0.679092 0.640000 0.900000
0.329346 1.408160 0.640000 0.900000
0.793144 0.667308 0.640000 0.910000
0.328859 1.410195 0.640000 0.910000
0.810111 0.654828 0.640000 0.920000
0.328478 1.412019 0.640000 0.920000
0.828383 0.641806 0.640000 0.930000
0.328149 1.413219 0.640000 0.930000
0.848058 0.628052 0.640000 0.940000
0.327933 1.413743 0.640000 0.940000
0.730422 0.714017 0.650000 0.850000
0.331226 1.399699 0.650000 0.850000
0.743397 0.704167 0.650000 0.860000
0.330654 1.402451 0.650000 0.860000
0.756992 0.693809 0.650000 0.870000
0.330110 1.405134 0.650000 0.870000
0.771508 0.683129 0.650000 0.880000
0.329550 1.407402 0.650000 0.880000
0.786864 0.671939 0.650000 0.890000
0.329033 1.409417 0.650000 0.890000
0.802964 0.660056 0.650000 0.900000
0.328630 1.411312 0.650000 0.900000
0.820148 0.647616 0.650000 0.910000
0.328289 1.412780 0.650000 0.910000
0.838635 0.634643 0.650000 0.920000
0.328013 1.413566 0.650000 0.920000
0.726981 0.716584 0.660000 0.830000
0.331389 1.398971 0.660000 0.830000
0.739494 0.707157 0.660000 0.840000
0.330814 1.401631 0.660000 0.840000
0.752514 0.697190 0.660000 0.850000
0.330285 1.404306 0.660000 0.850000
0.766345 0.686890 0.660000 0.860000
0.329746 1.406659 0.660000 0.860000
0.781031 0.676208 0.660000 0.870000
0.329214 1.408672 0.660000 0.870000
0.796395 0.664905 0.660000 0.880000
0.328779 1.410579 0.660000 0.880000
0.812612 0.653015 0.660000 0.890000
0.328427 1.412238 0.660000 0.890000
0.830043 0.640643 0.660000 0.900000
0.328124 1.413289 0.660000 0.900000
0.848678 0.627616 0.660000 0.910000
0.327930 1.413748 0.660000 0.910000
0.723771 0.718965 0.670000 0.810000
0.331566 1.398234 0.670000 0.810000
0.735826 0.709946 0.670000 0.820000
0.330970 1.400860 0.670000 0.820000
0.748357 0.700361 0.670000 0.830000
0.330450 1.403483 0.670000 0.830000
0.761548 0.690419 0.670000 0.840000
0.329922 1.405930 0.670000 0.840000
0.775581 0.680172 0.670000 0.850000
0.329400 1.407958 0.670000 0.850000
0.790299 0.669409 0.670000 0.860000
0.328936 1.409844 0.670000 0.860000
0.805712 0.658038 0.670000 0.870000
0.328573 1.411593 0.670000 0.870000
0.822136 0.646204 0.670000 0.880000
0.328254 1.412900 0.670000 0.880000
0.839691 0.633905 0.670000 0.890000
0.328003 1.413589 0.670000 0.890000
0.744478 0.703328 0.680000 0.810000
0.330617 1.402656 0.680000 0.810000
0.757087 0.693740 0.680000 0.820000
0.330105 1.405155 0.680000 0.820000
0.770499 0.683865 0.680000 0.830000
0.329585 1.407266 0.680000 0.830000
0.784617 0.673587 0.680000 0.840000
0.329102 1.409129 0.680000 0.840000
0.799345 0.662725 0.680000 0.850000
0.328704 1.410931 0.680000 0.850000
0.814879 0.651380 0.680000 0.860000
0.328386 1.412414 0.680000 0.860000
0.831477 0.639640 0.680000 0.870000
0.328105 1.413341 0.680000 0.870000
0.849212 0.627241 0.680000 0.880000
0.327929 1.413751 0.680000 0.880000
0.752951 0.696848 0.690000 0.800000
0.330286 1.404347 0.690000 0.800000
0.765756 0.687322 0.690000 0.810000
0.329771 1.406566 0.690000 0.810000
0.779321 0.677450 0.690000 0.820000
0.329276 1.408439 0.690000 0.820000
0.793427 0.667099 0.690000 0.830000
0.328849 1.410236 0.690000 0.830000
0.808216 0.656206 0.690000 0.840000
0.328517 1.411844 0.690000 0.840000
0.823903 0.644957 0.690000 0.850000
0.328220 1.413005 0.690000 0.850000
0.840622 0.633257 0.690000 0.860000
0.327989 1.413620 0.690000 0.860000
1.325746 0.366764 0.690000 0.990000
0.366761 1.325768 0.690000 0.990000
1.341124 0.358872 0.690000 1.000000
0.358874 1.341112 0.690000 1.000000
1.356821 0.351449 0.690000 1.010000
0.351451 1.356822 0.690000 1.010000
1.372752 0.344414 0.690000 1.020000
0.344422 1.372735 0.690000 1.020000
1.388741 0.337686 0.690000 1.030000
0.337698 1.388724 0.690000 1.030000
0.761348 0.690550 0.700000 0.790000
0.329959 1.405829 0.700000 0.790000
0.774334 0.681066 0.700000 0.800000
0.329463 1.407748 0.700000 0.800000
0.787903 0.671172 0.700000 0.810000
0.329001 1.409549 0.700000 0.810000
0.802026 0.660748 0.700000 0.820000
0.328644 1.411227 0.700000 0.820000
0.816928 0.649912 0.700000 0.830000
0.328342 1.412575 0.700000 0.830000
0.832790 0.638722 0.700000 0.840000
0.328081 1.413399 0.700000 0.840000
0.849576 0.626986 0.700000 0.850000
0.327928 1.413754 0.700000 0.850000
1.293371 0.383046 0.700000 0.960000
0.383056 1.293331 0.700000 0.960000
1.309958 0.374795 0.700000 0.970000
0.374814 1.309930 0.700000 0.970000
1.325728 0.366773 0.700000 0.980000
0.366755 1.325781 0.700000 0.980000
1.341133 0.358868 0.700000 0.990000
0.358877 1.341107 0.700000 0.990000
1.356822 0.351449 0.700000 1.000000
0.351455 1.356813 0.700000 1.000000
1.372748 0.344416 0.700000 1.010000
0.344423 1.372733 0.700000 1.010000
1.388747 0.337684 0.700000 1.020000
0.337699 1.388721 0.700000 1.020000
0.769658 0.684463 0.710000 0.780000
0.329639 1.407096 0.710000 0.780000
0.782734 0.674952 0.710000 0.790000
0.329177 1.408848 0.710000 0.790000
0.796302 0.664967 0.710000 0.800000
0.328796 1.410534 0.710000 0.800000
0.810477 0.654563 0.710000 0.810000
0.328468 1.412058 0.710000 0.810000
0.825534 0.643807 0.710000 0.820000
0.328193 1.413089 0.710000 0.820000
0.841495 0.632647 0.710000 0.830000
0.327984 1.413632 0.710000 0.830000
1.293364 0.383049 0.710000 0.950000
0.383059 1.293324 0.710000 0.950000
1.309939 0.374804 0.710000 0.960000
0.374811 1.309938 0.710000 0.960000
1.325740 0.366767 0.710000 0.970000
0.366759 1.325773 0.710000 0.970000
1.341136 0.358866 0.710000 0.980000
0.358877 1.341107 0.710000 0.980000
1.356833 0.351443 0.710000 0.990000
0.351456 1.356811 0.710000 0.990000
1.372753 0.344413 0.710000 1.000000
0.344421 1.372736 0.710000 1.000000
1.388737 0.337688 0.710000 1.010000
0.337698 1.388723 0.710000 1.010000
0.777852 0.678509 0.720000 0.770000
0.329344 1.408204 0.720000 0.770000
0.790926 0.668935 0.720000 0.780000
0.328936 1.409879 0.720000 0.780000
0.804508 0.658916 0.720000 0.790000
0.328608 1.411447 0.720000 0.790000
1.293418 0.383024 0.720000 0.940000
0.383073 1.293296 0.720000 0.940000
1.309970 0.374789 0.720000 0.950000
0.374813 1.309933 0.720000 0.950000
1.325757 0.366759 0.720000 0.960000
0.366764 1.325764 0.720000 0.960000
1.341133 0.358868 0.720000 0.970000
0.358874 1.341113 0.720000 0.970000
1.356828 0.351446 0.720000 0.980000
0.351456 1.356811 0.720000 0.980000
1.372753 0.344413 0.720000 0.990000
0.344423 1.372733 0.720000 0.990000
1.388743 0.337685 0.720000 1.000000
0.337701 1.388718 0.720000 1.000000
0.785859 0.672667 0.730000 0.760000
0.329077 1.409255 0.730000 0.760000
1.413267 0.328133 0.730000 0.770000
0.640959 0.829610 0.730000 0.770000
1.413807 0.327928 0.730000 0.780000
0.625975 0.851016 0.730000 0.780000
1.293393 0.383035 0.730000 0.930000
0.383066 1.293309 0.730000 0.930000
1.309927 0.374810 0.730000 0.940000
0.374806 1.309947 0.730000 0.940000
1.325737 0.366768 0.730000 0.950000
0.366758 1.325775 0.730000 0.950000
1.341127 0.358870 0.730000 0.960000
0.358873 1.341114 0.730000 0.960000
1.356834 0.351443 0.730000 0.970000
0.351457 1.356810 0.730000 0.970000
1.372746 0.344417 0.730000 0.980000
0.344421 1.372737 0.730000 0.980000
1.388736 0.337689 0.730000 0.990000
0.337697 1.388727 0.730000 0.990000
1.411146 0.328668 0.740000 0.750000
0.661255 0.801310 0.740000 0.750000
1.412900 0.328253 0.740000 0.760000
0.646238 0.822097 0.740000 0.760000
1.413690 0.327973 0.740000 0.770000
0.631175 0.843615 0.740000 0.770000
1.293375 0.383044 0.740000 0.920000
0.383059 1.293326 0.740000 0.920000
1.309966 0.374791 0.740000 0.930000
0.374812 1.309935 0.740000 0.930000
1.325754 0.366760 0.740000 0.940000
0.366765 1.325761 0.740000 0.940000
1.341122 0.358873 0.740000 0.950000
0.358874 1.341114 0.740000 0.950000
1.356818 0.351451 0.740000 0.960000
0.351457 1.356810 0.740000 0.960000
1.372740 0.344420 0.740000 0.970000
0.344421 1.372739 0.740000 0.970000
1.388742 0.337686 0.740000 0.980000
0.337697 1.388725 0.740000 0.980000
0.801321 0.661264 0.750000 0.740000
0.328666 1.411133 0.750000 0.740000
1.412399 0.328388 0.750000 0.750000
0.651670 0.814470 0.750000 0.750000
1.413504 0.328045 0.750000 0.760000
0.636456 0.836058 0.750000 0.760000
0.842952 0.631625 0.750000 0.770000
0.327976 1.413648 0.750000 0.770000
1.293404 0.383030 0.750000 0.910000
0.383073 1.293295 0.750000 0.910000
1.309945 0.374801 0.750000 0.920000
0.374812 1.309934 0.750000 0.920000
1.325750 0.366762 0.750000 0.930000
0.366760 1.325772 0.750000 0.930000
1.341137 0.358866 0.750000 0.940000
0.358873 1.341115 0.750000 0.940000
1.356828 0.351446 0.750000 0.950000
0.351456 1.356811 0.750000 0.950000
1.372752 0.344414 0.750000 0.960000
0.344427 1.372726 0.750000 0.960000
1.388742 0.337686 0.750000 0.970000
0.337697 1.388725 0.750000 0.970000
1.409256 0.329076 0.760000 0.730000
0.672666 0.785857 0.760000 0.730000
0.822093 0.646235 0.760000 0.740000
0.328254 1.412898 0.760000 0.740000
0.836048 0.636448 0.760000 0.750000
0.328044 1.413494 0.760000 0.750000
1.413821 0.327921 0.760000 0.760000
0.626238 0.850643 0.760000 0.760000
1.293361 0.383051 0.760000 0.900000
0.383062 1.293320 0.760000 0.900000
1.309927 0.374810 0.760000 0.910000
0.374807 1.309946 0.760000 0.910000
1.325749 0.366763 0.760000 0.920000
0.366760 1.325772 0.760000 0.920000
1.341127 0.358871 0.760000 0.930000
0.358873 1.341115 0.760000 0.930000
1.356824 0.351448 0.760000 0.940000
0.351457 1.356809 0.760000 0.940000
1.372755 0.344412 0.760000 0.950000
0.344419 1.372740 0.760000 0.950000
1.388747 0.337683 0.760000 0.960000
0.337700 1.388719 0.760000 0.960000
1.408196 0.329341 0.770000 0.720000
0.678514 0.777858 0.770000 0.720000
0.829601 0.640952 0.770000 0.730000
0.328134 1.413264 0.770000 0.730000
0.843608 0.631170 0.770000 0.740000
0.327969 1.413666 0.770000 0.740000
1.413670 0.327980 0.770000 0.750000
0.631631 0.842960 0.770000 0.750000
1.293384 0.383040 0.770000 0.890000
0.383064 1.293314 0.770000 0.890000
1.309950 0.374799 0.770000 0.900000
0.374815 1.309928 0.770000 0.900000
1.325723 0.366775 0.770000 0.910000
0.366752 1.325787 0.770000 0.910000
1.341114 0.358877 0.770000 0.920000
0.358866 1.341129 0.770000 0.920000
1.356827 0.351446 0.770000 0.930000
0.351453 1.356818 0.770000 0.930000
1.372751 0.344414 0.770000 0.940000
0.344424 1.372732 0.770000 0.940000
1.388736 0.337689 0.770000 0.950000
0.337696 1.388727 0.770000 0.950000
1.407085 0.329636 0.780000 0.710000
0.684470 0.769665 0.780000 0.710000
1.409885 0.328936 0.780000 0.720000
0.668929 0.790919 0.780000 0.720000
0.851014 0.625973 0.780000 0.730000
0.327921 1.413768 0.780000 0.730000
1.309925 0.374811 0.780000 0.890000
0.374805 1.309949 0.780000 0.890000
1.325741 0.366766 0.780000 0.900000
0.366759 1.325773 0.780000 0.900000
1.341129 0.358870 0.780000 0.910000
0.358875 1.341110 0.780000 0.910000
1.356823 0.351448 0.780000 0.920000
0.351455 1.356814 0.780000 0.920000
1.372748 0.344416 0.780000 0.930000
0.344424 1.372732 0.780000 0.930000
1.388745 0.337684 0.780000 0.940000
0.337699 1.388721 0.780000 0.940000
1.405825 0.329957 0.790000 0.700000
0.690551 0.761349 0.790000 0.700000
1.408845 0.329175 0.790000 0.710000
0.674953 0.782735 0.790000 0.710000
1.411459 0.328610 0.790000 0.720000
0.658907 0.804498 0.790000 0.720000
1.309944 0.374802 0.790000 0.880000
0.374811 1.309938 0.790000 0.880000
1.325761 0.366757 0.790000 0.890000
0.366762 1.325766 0.790000 0.890000
1.341124 0.358872 0.790000 0.900000
0.358874 1.341114 0.790000 0.900000
1.356825 0.351447 0.790000 0.910000
0.351456 1.356812 0.790000 0.910000
1.372755 0.344413 0.790000 0.920000
0.344423 1.372734 0.790000 0.920000
1.388738 0.337688 0.790000 0.930000
0.337698 1.388724 0.790000 0.930000
1.404354 0.330286 0.800000 0.690000
0.696842 0.752944 0.800000 0.690000
1.407738 0.329460 0.800000 0.700000
0.681072 0.774341 0.800000 0.700000
1.410546 0.328797 0.800000 0.710000
0.664959 0.796292 0.800000 0.710000
1.309961 0.374794 0.800000 0.870000
0.374817 1.309925 0.800000 0.870000
1.325737 0.366769 0.800000 0.880000
0.366758 1.325775 0.800000 0.880000
1.341138 0.358865 0.800000 0.890000
0.358879 1.341103 0.800000 0.890000
1.356828 0.351446 0.800000 0.900000
0.351451 1.356821 0.800000 0.900000
1.372761 0.344409 0.800000 0.910000
0.344424 1.372731 0.800000 0.910000
1.388732 0.337691 0.800000 0.920000
0.337697 1.388727 0.800000 0.920000
1.398217 0.331566 0.810000 0.670000
0.718969 0.723778 0.810000 0.670000
1.402665 0.330618 0.810000 0.680000
0.703319 0.744469 0.810000 0.680000
1.406558 0.329768 0.810000 0.690000
0.687327 0.765761 0.810000 0.690000
1.409553 0.329001 0.810000 0.700000
0.671169 0.787899 0.810000 0.700000
1.412067 0.328469 0.810000 0.710000
0.654557 0.810470 0.810000 0.710000
1.293407 0.383029 0.810000 0.850000
0.383085 1.293271 0.810000 0.850000
1.309948 0.374800 0.810000 0.860000
0.374812 1.309936 0.810000 0.860000
1.325754 0.366760 0.810000 0.870000
0.366758 1.325775 0.810000 0.870000
1.341120 0.358874 0.810000 0.880000
0.358871 1.341118 0.810000 0.880000
1.356824 0.351448 0.810000 0.890000
0.351454 1.356814 0.810000 0.890000
1.372758 0.344411 0.810000 0.900000
0.344425 1.372729 0.810000 0.900000
1.388749 0.337683 0.810000 0.910000
0.337701 1.388717 0.810000 0.910000
1.400861 0.330969 0.820000 0.670000
0.709945 0.735824 0.820000 0.670000
1.405157 0.330105 0.820000 0.680000
0.693737 0.757084 0.820000 0.680000
1.408432 0.329273 0.820000 0.690000
0.677454 0.779325 0.820000 0.690000
1.411239 0.328646 0.820000 0.700000
0.660739 0.802015 0.820000 0.700000
1.413090 0.328193 0.820000 0.710000
0.643812 0.825540 0.820000 0.710000
1.309949 0.374799 0.820000 0.850000
0.374818 1.309923 0.820000 0.850000
1.325743 0.366766 0.820000 0.860000
0.366757 1.325778 0.820000 0.860000
1.341131 0.358869 0.820000 0.870000
0.358872 1.341118 0.820000 0.870000
1.356826 0.351447 0.820000 0.880000
0.351454 1.356816 0.820000 0.880000
1.372745 0.344417 0.820000 0.890000
0.344421 1.372738 0.820000 0.890000
1.388735 0.337689 0.820000 0.900000
0.337697 1.388726 0.820000 0.900000
1.398961 0.331387 0.830000 0.660000
0.716590 0.726987 0.830000 0.660000
1.403493 0.330452 0.830000 0.670000
0.700352 0.748348 0.830000 0.670000
1.407255 0.329582 0.830000 0.680000
0.683871 0.770506 0.830000 0.680000
1.410245 0.328850 0.830000 0.690000
0.667091 0.793419 0.830000 0.690000
1.412579 0.328342 0.830000 0.700000
0.649911 0.816928 0.830000 0.700000
1.413651 0.327987 0.830000 0.710000
0.632653 0.841503 0.830000 0.710000
1.309963 0.374793 0.830000 0.840000
0.374821 1.309915 0.830000 0.840000
1.325758 0.366758 0.830000 0.850000
0.366760 1.325772 0.830000 0.850000
1.341127 0.358871 0.830000 0.860000
0.358870 1.341120 0.830000 0.860000
1.356828 0.351446 0.830000 0.870000
0.351455 1.356813 0.830000 0.870000
1.372750 0.344414 0.830000 0.880000
0.344421 1.372737 0.830000 0.880000
1.388742 0.337686 0.830000 0.890000
0.337697 1.388726 0.830000 0.890000
1.401636 0.330815 0.840000 0.660000
0.707151 0.739488 0.840000 0.660000
1.405926 0.329921 0.840000 0.670000
0.690420 0.761549 0.840000 0.670000
1.409128 0.329101 0.840000 0.680000
0.673586 0.784616 0.840000 0.680000
1.411855 0.328518 0.840000 0.690000
0.656200 0.808207 0.840000 0.690000
1.413405 0.328081 0.840000 0.700000
0.638730 0.832800 0.840000 0.700000
1.309904 0.374821 0.840000 0.830000
0.374793 1.309974 0.840000 0.830000
1.325761 0.366757 0.840000 0.840000
0.366768 1.325755 0.840000 0.840000
1.341113 0.358877 0.840000 0.850000
0.358868 1.341125 0.840000 0.850000
1.356825 0.351448 0.840000 0.860000
0.351454 1.356815 0.840000 0.860000
1.372746 0.344417 0.840000 0.870000
0.344418 1.372742 0.840000 0.870000
1.388740 0.337687 0.840000 0.880000
0.337700 1.388720 0.840000 0.880000
1.399693 0.331224 0.850000 0.650000
0.714021 0.730426 0.850000 0.650000
1.404313 0.330287 0.850000 0.660000
0.697184 0.752506 0.850000 0.660000
1.407948 0.329397 0.850000 0.670000
0.680178 0.775587 0.850000 0.670000
1.410943 0.328706 0.850000 0.680000
0.662716 0.799334 0.850000 0.680000
1.413007 0.328220 0.850000 0.690000
0.644962 0.823909 0.850000 0.690000
1.413790 0.327934 0.850000 0.700000
0.626988 0.849579 0.850000 0.700000
1.293283 0.383088 0.850000 0.810000
0.383026 1.293395 0.850000 0.810000
1.309912 0.374817 0.850000 0.820000
0.374800 1.309960 0.850000 0.820000
1.325761 0.366757 0.850000 0.830000
0.366761 1.325769 0.850000 0.830000
1.341142 0.358863 0.850000 0.840000
0.358882 1.341096 0.850000 0.840000
1.356827 0.351446 0.850000 0.850000
0.351454 1.356816 0.850000 0.850000
1.372751 0.344414 0.850000 0.860000
0.344423 1.372732 0.850000 0.860000
1.388750 0.337682 0.850000 0.870000
0.337701 1.388717 0.850000 0.870000
1.397693 0.331672 0.860000 0.640000
0.720960 0.721136 0.860000 0.640000
1.402459 0.330655 0.860000 0.650000
0.704158 0.743388 0.860000 0.650000
1.406650 0.329743 0.860000 0.660000
0.686896 0.766351 0.860000 0.660000
1.409850 0.328937 0.860000 0.670000
0.669404 0.790293 0.860000 0.670000
1.412420 0.328386 0.860000 0.680000
0.651378 0.814876 0.860000 0.680000
1.413638 0.327992 0.860000 0.690000
0.633264 0.840630 0.860000 0.690000
1.309925 0.374811 0.860000 0.810000
0.374801 1.309959 0.860000 0.810000
1.325767 0.366754 0.860000 0.820000
0.366769 1.325754 0.860000 0.820000
1.341137 0.358866 0.860000 0.830000
0.358875 1.341110 0.860000 0.830000
1.356831 0.351445 0.860000 0.840000
0.351457 1.356809 0.860000 0.840000
1.372756 0.344412 0.860000 0.850000
0.344426 1.372727 0.860000 0.850000
1.388744 0.337685 0.860000 0.860000
0.337699 1.388721 0.860000 0.860000
1.400481 0.331051 0.870000 0.640000
0.711277 0.734072 0.870000 0.640000
1.405136 0.330110 0.870000 0.650000
0.693806 0.756988 0.870000 0.650000
1.408667 0.329212 0.870000 0.660000
0.676210 0.781033 0.870000 0.660000
1.411605 0.328574 0.870000 0.670000
0.658030 0.805702 0.870000 0.670000
1.413346 0.328105 0.870000 0.680000
0.639648 0.831486 0.870000 0.680000
1.309914 0.374816 0.870000 0.800000
0.374794 1.309971 0.870000 0.800000
1.325764 0.366756 0.870000 0.810000
0.366763 1.325765 0.870000 0.810000
1.341135 0.358867 0.870000 0.820000
0.358873 1.341114 0.870000 0.820000
1.356829 0.351446 0.870000 0.830000
0.351456 1.356812 0.870000 0.830000
1.372766 0.344407 0.870000 0.840000
0.344428 1.372722 0.870000 0.840000
1.388741 0.337686 0.870000 0.850000
0.337697 1.388726 0.870000 0.850000
1.398437 0.331504 0.880000 0.630000
0.718421 0.724532 0.880000 0.630000
1.403336 0.330482 0.880000 0.640000
0.700971 0.747543 0.880000 0.640000
1.407391 0.329547 0.880000 0.650000
0.683136 0.771515 0.880000 0.650000
1.410591 0.328781 0.880000 0.660000
0.664897 0.796384 0.880000 0.660000
1.412902 0.328253 0.880000 0.670000
0.646208 0.822140 0.880000 0.670000
1.413786 0.327935 0.880000 0.680000
0.627244 0.849215 0.880000 0.680000
1.309927 0.374810 0.880000 0.790000
0.374802 1.309955 0.880000 0.790000
1.325764 0.366756 0.880000 0.800000
0.366771 1.325748 0.880000 0.800000
1.341135 0.358867 0.880000 0.810000
0.358878 1.341103 0.880000 0.810000
1.356832 0.351444 0.880000 0.820000
0.351457 1.356810 0.880000 0.820000
1.372761 0.344410 0.880000 0.830000
0.344426 1.372727 0.880000 0.830000
1.388744 0.337685 0.880000 0.840000
0.337702 1.388716 0.880000 0.840000
1.401321 0.330876 0.890000 0.630000
0.708317 0.737965 0.890000 0.630000
1.405947 0.329920 0.890000 0.640000
0.690215 0.761823 0.890000 0.640000
1.409419 0.329032 0.890000 0.650000
0.671936 0.786861 0.890000 0.650000
1.412246 0.328427 0.890000 0.660000
0.653011 0.812607 0.890000 0.660000
1.413605 0.328005 0.890000 0.670000
0.633912 0.839700 0.890000 0.670000
1.293326 0.383067 0.890000 0.770000
0.383037 1.293372 0.890000 0.770000
1.309938 0.374805 0.890000 0.780000
0.374811 1.309936 0.890000 0.780000
1.325755 0.366760 0.890000 0.790000
0.366760 1.325772 0.890000 0.790000
1.341120 0.358874 0.890000 0.800000
0.358870 1.341121 0.890000 0.800000
1.356830 0.351445 0.890000 0.810000
0.351458 1.356808 0.890000 0.810000
1.372762 0.344409 0.890000 0.820000
0.344429 1.372721 0.890000 0.820000
1.388750 0.337682 0.890000 0.830000
0.337701 1.388717 0.890000 0.830000
1.399216 0.331328 0.900000 0.620000
0.715729 0.728146 0.900000 0.620000
1.404221 0.330305 0.900000 0.630000
0.697547 0.752026 0.900000 0.630000
1.408151 0.329343 0.900000 0.640000
0.679097 0.777074 0.900000 0.640000
1.411325 0.328632 0.900000 0.650000
0.660047 0.802953 0.900000 0.650000
1.413292 0.328124 0.900000 0.660000
0.640650 0.830052 0.900000 0.660000
1.293331 0.383065 0.900000 0.760000
0.383048 1.293349 0.900000 0.760000
1.309917 0.374815 0.900000 0.770000
0.374800 1.309961 0.900000 0.770000
1.325762 0.366756 0.900000 0.780000
0.366769 1.325753 0.900000 0.780000
1.341131 0.358869 0.900000 0.790000
0.358877 1.341107 0.900000 0.790000
1.356837 0.351442 0.900000 0.800000
0.351456 1.356812 0.900000 0.800000
1.372753 0.344413 0.900000 0.810000
0.344422 1.372734 0.900000 0.810000
1.388750 0.337682 0.900000 0.820000
0.337704 1.388711 0.900000 0.820000
1.402203 0.330704 0.910000 0.620000
0.705126 0.742133 0.910000 0.620000
1.406756 0.329714 0.910000 0.630000
0.686395 0.767039 0.910000 0.630000
1.410204 0.328860 0.910000 0.640000
0.667301 0.793136 0.910000 0.640000
1.412783 0.328288 0.910000 0.650000
0.647618 0.820150 0.910000 0.650000
1.413781 0.327937 0.910000 0.660000
0.627618 0.848682 0.910000 0.660000
1.293307 0.383076 0.910000 0.750000
0.383027 1.293393 0.910000 0.750000
1.309935 0.374806 0.910000 0.760000
0.374811 1.309938 0.910000 0.760000
1.325776 0.366750 0.910000 0.770000
0.366778 1.325734 0.910000 0.770000
1.341127 0.358871 0.910000 0.780000
0.358874 1.341112 0.910000 0.780000
1.356828 0.351446 0.910000 0.790000
0.351457 1.356809 0.910000 0.790000
1.372755 0.344412 0.910000 0.800000
0.344421 1.372737 0.910000 0.800000
1.388742 0.337686 0.910000 0.810000
0.337698 1.388725 0.910000 0.810000
1.400046 0.331144 0.920000 0.610000
0.712817 0.732029 0.920000 0.610000
1.405119 0.330112 0.920000 0.620000
0.693900 0.756867 0.920000 0.620000
1.408922 0.329152 0.920000 0.630000
0.674721 0.783068 0.920000 0.630000
1.412028 0.328479 0.920000 0.640000
0.654822 0.810104 0.920000 0.640000
1.413580 0.328015 0.920000 0.650000
0.634650 0.838644 0.920000 0.650000
1.293337 0.383062 0.920000 0.740000
0.383041 1.293363 0.920000 0.740000
1.309923 0.374812 0.920000 0.750000
0.374802 1.309956 0.920000 0.750000
1.325761 0.366757 0.920000 0.760000
0.366765 1.325760 0.920000 0.760000
1.341146 0.358862 0.920000 0.770000
0.358882 1.341096 0.920000 0.770000
1.356830 0.351445 0.920000 0.780000
0.351458 1.356807 0.920000 0.780000
1.372758 0.344411 0.920000 0.790000
0.344424 1.372731 0.920000 0.790000
1.388751 0.337682 0.920000 0.800000
0.337706 1.388708 0.920000 0.800000
1.397805 0.331649 0.930000 0.600000
0.720575 0.721652 0.930000 0.600000
1.403137 0.330523 0.930000 0.610000
0.701685 0.746612 0.930000 0.610000
1.407550 0.329505 0.930000 0.620000
0.682269 0.772709 0.930000 0.620000
1.410999 0.328697 0.930000 0.630000
0.662286 0.799914 0.930000 0.630000
1.413222 0.328149 0.930000 0.640000
0.641813 0.828391 0.930000 0.640000
1.293321 0.383069 0.930000 0.730000
0.383032 1.293381 0.930000 0.730000
1.309924 0.374811 0.930000 0.740000
0.374792 1.309977 0.930000 0.740000
1.325761 0.366757 0.930000 0.750000
0.366765 1.325761 0.930000 0.750000
1.341132 0.358868 0.930000 0.760000
0.358875 1.341110 0.930000 0.760000
1.356835 0.351443 0.930000 0.770000
0.351456 1.356811 0.930000 0.770000
1.372755 0.344412 0.930000 0.780000
0.344427 1.372724 0.930000 0.780000
1.388748 0.337683 0.930000 0.790000
0.337703 1.388714 0.930000 0.790000
1.400937 0.330954 0.940000 0.600000
0.709663 0.736194 0.940000 0.600000
1.406006 0.329904 0.940000 0.610000
0.689986 0.762137 0.940000 0.610000
1.409751 0.328958 0.940000 0.620000
0.669975 0.789518 0.940000 0.620000
1.412649 0.328324 0.940000 0.630000
0.649192 0.817936 0.940000 0.630000
1.413776 0.327939 0.940000 0.640000
0.628056 0.848062 0.940000 0.640000
1.293307 0.383076 0.940000 0.720000
0.383020 1.293406 0.940000 0.720000
1.309936 0.374806 0.940000 0.730000
0.374810 1.309938 0.940000 0.730000
1.325750 0.366762 0.940000 0.740000
0.366763 1.325766 0.940000 0.740000
1.341132 0.358868 0.940000 0.750000
0.358871 1.341120 0.940000 0.750000
1.356825 0.351447 0.940000 0.760000
0.351458 1.356808 0.940000 0.760000
1.372756 0.344412 0.940000 0.770000
0.344426 1.372727 0.940000 0.770000
1.388745 0.337684 0.940000 0.780000
0.337699 1.388721 0.940000 0.780000
1.398637 0.331462 0.950000 0.590000
0.717709 0.725491 0.950000 0.590000
1.404119 0.330325 0.950000 0.600000
0.697991 0.751448 0.950000 0.600000
1.408377 0.329286 0.950000 0.610000
0.677811 0.778840 0.950000 0.610000
1.411781 0.328531 0.950000 0.620000
0.656851 0.807315 0.950000 0.620000
1.413550 0.328027 0.950000 0.630000
0.635477 0.837461 0.950000 0.630000
1.293336 0.383062 0.950000 0.710000
0.383046 1.293352 0.950000 0.710000
1.309922 0.374812 0.950000 0.720000
0.374790 1.309981 0.950000 0.720000
1.325764 0.366755 0.950000 0.730000
0.366771 1.325748 0.950000 0.730000
1.341131 0.358869 0.950000 0.740000
0.358878 1.341105 0.950000 0.740000
1.356827 0.351446 0.950000 0.750000
0.351456 1.356812 0.950000 0.750000
1.372764 0.344408 0.950000 0.760000
0.344424 1.372732 0.950000 0.760000
1.388751 0.337681 0.950000 0.770000
0.337704 1.388712 0.950000 0.770000
1.401887 0.330766 0.960000 0.590000
0.706247 0.740668 0.960000 0.590000
1.406872 0.329685 0.960000 0.600000
0.685789 0.767870 0.960000 0.600000
1.410607 0.328778 0.960000 0.610000
0.664783 0.796536 0.960000 0.610000
1.413141 0.328176 0.960000 0.620000
0.643088 0.826572 0.960000 0.620000
1.293342 0.383059 0.960000 0.700000
0.383042 1.293360 0.960000 0.700000
1.309927 0.374810 0.960000 0.710000
0.374805 1.309950 0.960000 0.710000
1.325753 0.366761 0.960000 0.720000
0.366761 1.325768 0.960000 0.720000
1.341131 0.358869 0.960000 0.730000
0.358875 1.341110 0.960000 0.730000
1.356827 0.351447 0.960000 0.740000
0.351460 1.356802 0.960000 0.740000
1.372750 0.344415 0.960000 0.750000
0.344426 1.372728 0.960000 0.750000
1.388743 0.337685 0.960000 0.760000
0.337698 1.388723 0.960000 0.760000
1.399511 0.331265 0.970000 0.580000
0.714605 0.729633 0.970000 0.580000
1.405084 0.330122 0.970000 0.590000
0.693993 0.756737 0.970000 0.590000
1.409237 0.329076 0.970000 0.600000
0.672941 0.785494 0.970000 0.600000
1.412466 0.328374 0.970000 0.610000
0.650956 0.815467 0.970000 0.610000
1.413769 0.327942 0.970000 0.620000
0.628485 0.847453 0.970000 0.620000
1.309919 0.374814 0.970000 0.700000
0.374796 1.309969 0.970000 0.700000
1.325762 0.366756 0.970000 0.710000
0.366770 1.325751 0.970000 0.710000
1.341130 0.358869 0.970000 0.720000
0.358873 1.341116 0.970000 0.720000
1.356826 0.351447 0.970000 0.730000
0.351453 1.356818 0.970000 0.730000
1.372762 0.344409 0.970000 0.740000
0.344432 1.372716 0.970000 0.740000
1.388749 0.337682 0.970000 0.750000
0.337701 1.388718 0.970000 0.750000
1.402906 0.330567 0.980000 0.580000
0.702523 0.745512 0.980000 0.580000
1.407751 0.329450 0.980000 0.590000
0.681237 0.774131 0.980000 0.590000
1.411470 0.328598 0.980000 0.600000
0.659145 0.804185 0.980000 0.600000
1.413508 0.328043 0.980000 0.610000
0.636403 0.836134 0.980000 0.610000
1.325770 0.366753 0.980000 0.700000
0.366776 1.325739 0.980000 0.700000
1.341124 0.358872 0.980000 0.710000
0.358871 1.341119 0.980000 0.710000
1.356827 0.351446 0.980000 0.720000
0.351456 1.356812 0.980000 0.720000
1.372761 0.344409 0.980000 0.730000
0.344428 1.372722 0.980000 0.730000
1.388749 0.337682 0.980000 0.740000
0.337701 1.388718 0.980000 0.740000
1.400462 0.331059 0.990000 0.570000
0.711259 0.734084 0.990000 0.570000
1.406055 0.329895 0.990000 0.580000
0.689707 0.762513 0.990000 0.580000
1.410151 0.328872 0.990000 0.590000
0.667598 0.792735 0.990000 0.590000
1.413037 0.328210 0.990000 0.600000
0.644532 0.824516 0.990000 0.600000
1.325757 0.366759 0.990000 0.690000
0.366767 1.325757 0.990000 0.690000
1.341124 0.358872 0.990000 0.700000
0.358873 1.341115 0.990000 0.700000
1.356827 0.351446 0.990000 0.710000
0.351453 1.356817 0.990000 0.710000
1.372757 0.344411 0.990000 0.720000
0.344425 1.372729 0.990000 0.720000
1.388751 0.337682 0.990000 0.730000
0.337704 1.388712 0.990000 0.730000
1.397951 0.331616 1.000000 0.560000
0.720078 0.722315 1.000000 0.560000
1.403975 0.330355 1.000000 0.570000
0.698494 0.750778 1.000000 0.570000
1.408662 0.329213 1.000000 0.580000
0.676251 0.780978 1.000000 0.580000
1.412252 0.328426 1.000000 0.590000
0.652953 0.812690 1.000000 0.590000
1.413755 0.327947 1.000000 0.600000
0.629001 0.846718 1.000000 0.600000
1.341129 0.358870 1.000000 0.690000
0.358877 1.341107 1.000000 0.690000
1.356829 0.351446 1.000000 0.700000
0.351459 1.356806 1.000000 0.700000
1.372760 0.344410 1.000000 0.710000
0.344425 1.372729 1.000000 0.710000
1.388742 0.337686 1.000000 0.720000
0.337700 1.388719 1.000000 0.720000
1.401500 0.330844 1.010000 0.560000
0.707586 0.738914 1.010000 0.560000
1.407006 0.329651 1.010000 0.570000
0.685044 0.768882 1.010000 0.570000
1.411095 0.328676 1.010000 0.580000
0.661707 0.800701 1.010000 0.580000
1.413461 0.328061 1.010000 0.590000
0.637449 0.834635 1.010000 0.590000
1.356838 0.351441 1.010000 0.690000
0.351459 1.356805 1.010000 0.690000
1.372757 0.344411 1.010000 0.700000
0.344427 1.372724 1.010000 0.700000
1.388747 0.337683 1.010000 0.710000
0.337703 1.388713 1.010000 0.710000
1.398911 0.331398 1.020000 0.550000
0.716798 0.726717 1.020000 0.550000
1.405049 0.330131 1.020000 0.560000
0.694121 0.756566 1.020000 0.560000
1.409607 0.328994 1.020000 0.570000
0.670749 0.788469 1.020000 0.570000
1.412900 0.328255 1.020000 0.580000
0.646173 0.822191 1.020000 0.580000
1.372759 0.344410 1.020000 0.690000
0.344426 1.372728 1.020000 0.690000
1.388745 0.337685 1.020000 0.700000
0.337699 1.388723 1.020000 0.700000
1.402639 0.330616 1.030000 0.550000
0.703568 0.744159 1.030000 0.550000
1.407973 0.329393 1.030000 0.560000
0.679954 0.775889 1.030000 0.560000
1.411976 0.328491 1.030000 0.570000
0.655236 0.809534 1.030000 0.570000
1.413744 0.327951 1.030000 0.580000
0.629568 0.845910 1.030000 0.580000
1.388748 0.337683 1.030000 0.690000
0.337701 1.388717 1.030000 0.690000
1.399937 0.331166 1.040000 0.540000
0.713199 0.731516 1.040000 0.540000
1.406126 0.329877 1.040000 0.550000
0.689366 0.762976 1.040000 0.550000
1.410630 0.328773 1.040000 0.560000
0.664638 0.796731 1.040000 0.560000
1.413408 0.328080 1.040000 0.570000
0.638699 0.832845 1.040000 0.570000
1.403823 0.330384 1.050000 0.540000
0.699137 0.749939 1.050000 0.540000
1.409004 0.329129 1.050000 0.550000
0.674324 0.783610 1.050000 0.550000
1.412767 0.328288 1.050000 0.560000
0.648103 0.819471 1.050000 0.560000
1.401054 0.330931 1.060000 0.530000
0.709242 0.736750 1.060000 0.530000
1.407188 0.329602 1.060000 0.540000
0.684159 0.770108 1.060000 0.540000
1.411639 0.328564 1.060000 0.550000
0.657848 0.805949 1.060000 0.550000
1.413712 0.327964 1.060000 0.560000
0.630232 0.844960 1.060000 0.560000
1.293397 0.383034 1.060000 0.600000
0.383118 1.293202 1.060000 0.600000
1.398147 0.331571 1.070000 0.520000
0.719445 0.723172 1.070000 0.520000
1.405025 0.330134 1.070000 0.530000
0.694278 0.756359 1.070000 0.530000
1.410073 0.328892 1.070000 0.540000
0.667989 0.792203 1.070000 0.540000
1.413315 0.328116 1.070000 0.550000
0.640097 0.830839 1.070000 0.550000
1.402290 0.330684 1.080000 0.520000
0.704831 0.742514 1.080000 0.520000
1.408274 0.329313 1.080000 0.530000
0.678371 0.778070 1.080000 0.530000
1.412520 0.328362 1.080000 0.540000
0.650269 0.816421 1.080000 0.540000
1.293375 0.383044 1.080000 0.580000
0.383106 1.293229 1.080000 0.580000
1.341113 0.358877 1.080000 0.610000
0.358859 1.341145 1.080000 0.610000
1.372759 0.344410 1.080000 0.630000
0.344429 1.372721 1.080000 0.630000
1.399259 0.331318 1.090000 0.510000
0.715576 0.728350 1.090000 0.510000
1.406216 0.329855 1.090000 0.520000
0.688937 0.763560 1.090000 0.520000
1.411199 0.328658 1.090000 0.530000
0.660876 0.801824 1.090000 0.530000
1.413693 0.327971 1.090000 0.540000
0.631020 0.843834 1.090000 0.540000
1.293304 0.383077 1.090000 0.570000
0.382990 1.293469 1.090000 0.570000
1.309922 0.374812 1.090000 0.580000
0.374788 1.309984 1.090000 0.580000
1.325738 0.366768 1.090000 0.590000
0.366745 1.325801 1.090000 0.590000
1.356818 0.351451 1.090000 0.610000
0.351446 1.356832 1.090000 0.610000
1.388743 0.337686 1.090000 0.630000
0.337701 1.388719 1.090000 0.630000
1.403613 0.330427 1.100000 0.510000
0.699921 0.748912 1.100000 0.510000
1.409438 0.329026 1.100000 0.520000
0.671860 0.786963 1.100000 0.520000
1.413212 0.328153 1.100000 0.530000
0.641753 0.828471 1.100000 0.530000
1.309942 0.374803 1.100000 0.570000
0.374814 1.309931 1.100000 0.570000
1.325766 0.366755 1.100000 0.580000
0.366783 1.325724 1.100000 0.580000
1.341124 0.358872 1.100000 0.590000
0.358869 1.341123 1.100000 0.590000
1.356837 0.351441 1.100000 0.600000
0.351464 1.356794 1.100000 0.600000
1.372746 0.344418 1.100000 0.610000
0.344415 1.372751 1.100000 0.610000
1.388744 0.337685 1.100000 0.620000
0.337701 1.388718 1.100000 0.620000
1.400460 0.331059 1.110000 0.500000
0.711248 0.734096 1.110000 0.500000
1.407397 0.329548 1.110000 0.510000
0.683007 0.771687 1.110000 0.510000
1.412248 0.328430 1.110000 0.520000
0.652855 0.812821 1.110000 0.520000
1.309933 0.374807 1.110000 0.560000
0.374805 1.309950 1.110000 0.560000
1.325756 0.366760 1.110000 0.570000
0.366757 1.325777 1.110000 0.570000
1.341122 0.358873 1.110000 0.580000
0.358865 1.341131 1.110000 0.580000
1.356831 0.351445 1.110000 0.590000
0.351455 1.356813 1.110000 0.590000
1.372749 0.344415 1.110000 0.600000
0.344416 1.372748 1.110000 0.600000
1.388750 0.337682 1.110000 0.610000
0.337705 1.388709 1.110000 0.610000
1.404986 0.330140 1.120000 0.500000
0.694486 0.756084 1.120000 0.500000
1.410671 0.328763 1.120000 0.510000
0.664431 0.797013 1.120000 0.510000
1.413667 0.327981 1.120000 0.520000
0.631964 0.842488 1.120000 0.520000
1.309936 0.374806 1.120000 0.550000
0.374812 1.309934 1.120000 0.550000
1.325762 0.366757 1.120000 0.560000
0.366771 1.325749 1.120000 0.560000
1.341130 0.358869 1.120000 0.570000
0.358874 1.341112 1.120000 0.570000
1.356833 0.351443 1.120000 0.580000
0.351461 1.356802 1.120000 0.580000
1.372755 0.344412 1.120000 0.590000
0.344427 1.372724 1.120000 0.590000
1.388734 0.337690 1.120000 0.600000
0.337686 1.388749 1.120000 0.600000
1.401819 0.330783 1.130000 0.490000
0.706395 0.740462 1.130000 0.490000
1.408618 0.329230 1.130000 0.500000
0.676298 0.780905 1.130000 0.500000
1.413071 0.328202 1.130000 0.510000
0.643719 0.825667 1.130000 0.510000
1.309910 0.374817 1.130000 0.540000
0.374770 1.310021 1.130000 0.540000
1.325760 0.366757 1.130000 0.550000
0.366770 1.325750 1.130000 0.550000
1.341139 0.358865 1.130000 0.560000
0.358888 1.341084 1.130000 0.560000
1.356829 0.351446 1.130000 0.570000
0.351455 1.356813 1.130000 0.570000
1.372747 0.344417 1.130000 0.580000
0.344417 1.372747 1.130000 0.580000
1.388744 0.337685 1.130000 0.590000
0.337704 1.388712 1.130000 0.590000
1.398378 0.331524 1.140000 0.480000
0.718510 0.724402 1.140000 0.480000
1.406326 0.329828 1.140000 0.490000
0.688386 0.764307 1.140000 0.490000
1.411896 0.328507 1.140000 0.500000
0.655933 0.808575 1.140000 0.500000
1.309952 0.374798 1.140000 0.530000
0.374841 1.309876 1.140000 0.530000
1.325759 0.366758 1.140000 0.540000
0.366765 1.325760 1.140000 0.540000
1.341128 0.358870 1.140000 0.550000
0.358872 1.341118 1.140000 0.550000
1.356833 0.351444 1.140000 0.560000
0.351459 1.356804 1.140000 0.560000
1.372754 0.344413 1.140000 0.570000
0.344418 1.372742 1.140000 0.570000
1.388752 0.337680 1.140000 0.580000
0.337707 1.388703 1.140000 0.580000
1.403357 0.330474 1.150000 0.480000
0.700963 0.747557 1.150000 0.480000
1.409969 0.328915 1.150000 0.490000
0.668595 0.791384 1.150000 0.490000
1.413659 0.327983 1.150000 0.500000
0.633132 0.840824 1.150000 0.500000
1.325760 0.366757 1.150000 0.530000
0.366769 1.325753 1.150000 0.530000
1.341133 0.358868 1.150000 0.540000
0.358879 1.341103 1.150000 0.540000
1.356831 0.351444 1.150000 0.550000
0.351455 1.356813 1.150000 0.550000
1.372757 0.344412 1.150000 0.560000
0.344418 1.372744 1.150000 0.560000
1.388744 0.337685 1.150000 0.570000
0.337705 1.388709 1.150000 0.570000
1.399763 0.331202 1.160000 0.470000
0.713876 0.730626 1.160000 0.470000
1.407688 0.329468 1.160000 0.480000
0.681524 0.773734 1.160000 0.480000
1.412926 0.328244 1.160000 0.490000
0.646136 0.822246 1.160000 0.490000
1.325756 0.366759 1.160000 0.520000
0.366764 1.325763 1.160000 0.520000
1.341127 0.358870 1.160000 0.530000
0.358876 1.341109 1.160000 0.530000
1.356826 0.351447 1.160000 0.540000
0.351459 1.356805 1.160000 0.540000
1.372755 0.344412 1.160000 0.550000
0.344424 1.372731 1.160000 0.550000
1.388744 0.337685 1.160000 0.560000
0.337698 1.388723 1.160000 0.560000
1.404916 0.330158 1.170000 0.470000
0.694739 0.755744 1.170000 0.470000
1.411412 0.328608 1.170000 0.480000
0.659632 0.803522 1.170000 0.480000
1.325762 0.366757 1.170000 0.510000
0.366770 1.325750 1.170000 0.510000
1.341129 0.358870 1.170000 0.520000
0.358870 1.341121 1.170000 0.520000
1.356828 0.351446 1.170000 0.530000
0.351454 1.356815 1.170000 0.530000
1.372758 0.344411 1.170000 0.540000
0.344419 1.372743 1.170000 0.540000
1.388744 0.337684 1.170000 0.550000
0.337703 1.388714 1.170000 0.550000
1.401275 0.330883 1.180000 0.460000
0.708506 0.737716 1.180000 0.460000
1.409140 0.329097 1.180000 0.470000
0.673570 0.784642 1.180000 0.470000
1.413590 0.328011 1.180000 0.480000
0.634520 0.838833 1.180000 0.480000
1.325757 0.366759 1.180000 0.500000
0.366764 1.325762 1.180000 0.500000
1.341133 0.358868 1.180000 0.510000
0.358879 1.341103 1.180000 0.510000
1.356824 0.351448 1.180000 0.520000
0.351451 1.356822 1.180000 0.520000
1.372756 0.344412 1.180000 0.530000
0.344432 1.372714 1.180000 0.530000
1.388741 0.337687 1.180000 0.540000
0.337697 1.388727 1.180000 0.540000
1.406487 0.329785 1.190000 0.460000
0.687678 0.765280 1.190000 0.460000
1.412655 0.328323 1.190000 0.470000
0.649038 0.818150 1.190000 0.470000
1.325768 0.366755 1.190000 0.490000
0.366786 1.325718 1.190000 0.490000
1.341130 0.358869 1.190000 0.500000
0.358867 1.341127 1.190000 0.500000
1.356829 0.351445 1.190000 0.510000
0.351460 1.356803 1.190000 0.510000
1.372759 0.344410 1.190000 0.520000
0.344433 1.372711 1.190000 0.520000
1.388745 0.337685 1.190000 0.530000
0.337702 1.388716 1.190000 0.530000
1.402997 0.330543 1.200000 0.450000
0.702317 0.745794 1.200000 0.450000
1.410728 0.328750 1.200000 0.460000
0.664096 0.797467 1.200000 0.460000
1.341133 0.358868 1.200000 0.490000
0.358881 1.341098 1.200000 0.490000
1.356830 0.351445 1.200000 0.500000
0.351454 1.356815 1.200000 0.500000
1.372757 0.344411 1.200000 0.510000
0.344427 1.372724 1.200000 0.510000
1.388747 0.337683 1.200000 0.520000
0.337707 1.388705 1.200000 0.520000
1.398763 0.331435 1.210000 0.440000
0.717229 0.726130 1.210000 0.440000
1.408087 0.329359 1.210000 0.450000
0.679496 0.776531 1.210000 0.450000
1.413521 0.328038 1.210000 0.460000
0.636285 0.836305 1.210000 0.460000
1.341133 0.358867 1.210000 0.480000
0.358879 1.341103 1.210000 0.480000
1.356826 0.351447 1.210000 0.490000
0.351455 1.356814 1.210000 0.490000
1.372762 0.344409 1.210000 0.500000
0.344426 1.372728 1.210000 0.500000
1.388745 0.337684 1.210000 0.510000
0.337698 1.388723 1.210000 0.510000
1.404841 0.330172 1.220000 0.440000
0.695101 0.755268 1.220000 0.440000
1.412289 0.328415 1.220000 0.450000
0.652694 0.813046 1.220000 0.450000
1.341126 0.358871 1.220000 0.470000
0.358864 1.341133 1.220000 0.470000
1.356824 0.351448 1.220000 0.480000
0.351448 1.356828 1.220000 0.480000
1.372756 0.344412 1.220000 0.490000
0.344420 1.372741 1.220000 0.490000
1.388743 0.337686 1.220000 0.500000
0.337703 1.388714 1.220000 0.500000
1.400476 0.331052 1.230000 0.430000
0.711269 0.734077 1.230000 0.430000
1.409830 0.328937 1.230000 0.440000
0.669637 0.789982 1.230000 0.440000
1.341127 0.358870 1.230000 0.460000
0.358866 1.341129 1.230000 0.460000
1.356827 0.351447 1.230000 0.470000
0.351455 1.356814 1.230000 0.470000
1.372756 0.344412 1.230000 0.480000
0.344428 1.372723 1.230000 0.480000
1.388745 0.337685 1.230000 0.490000
0.337701 1.388717 1.230000 0.490000
1.406692 0.329733 1.240000 0.430000
0.686651 0.766682 1.240000 0.430000
1.413417 0.328077 1.240000 0.440000
0.638591 0.833002 1.240000 0.440000
1.356826 0.351447 1.240000 0.460000
0.351461 1.356801 1.240000 0.460000
1.372751 0.344415 1.240000 0.470000
0.344421 1.372739 1.240000 0.470000
1.388751 0.337682 1.240000 0.480000
0.337703 1.388713 1.240000 0.480000
1.402458 0.330656 1.250000 0.420000
0.704148 0.743399 1.250000 0.420000
1.411718 0.328544 1.250000 0.430000
0.657365 0.806612 1.250000 0.430000
1.356830 0.351445 1.250000 0.450000
0.351459 1.356806 1.250000 0.450000
1.372756 0.344412 1.250000 0.460000
0.344420 1.372740 1.250000 0.460000
1.388743 0.337685 1.250000 0.470000
0.337704 1.388711 1.250000 0.470000
1.408628 0.329220 1.260000 0.420000
0.676502 0.780640 1.260000 0.420000
1.356826 0.351447 1.260000 0.440000
0.351458 1.356808 1.260000 0.440000
1.372757 0.344412 1.260000 0.450000
0.344430 1.372718 1.260000 0.450000
1.388742 0.337686 1.260000 0.460000
0.337697 1.388726 1.260000 0.460000
1.404712 0.330202 1.270000 0.410000
0.695597 0.754607 1.270000 0.410000
1.413242 0.328141 1.270000 0.420000
0.641663 0.828607 1.270000 0.420000
1.356827 0.351447 1.270000 0.430000
0.351464 1.356794 1.270000 0.430000
1.372754 0.344413 1.270000 0.440000
0.344423 1.372734 1.270000 0.440000
1.388744 0.337685 1.270000 0.450000
0.337701 1.388718 1.270000 0.450000
1.410838 0.328725 1.280000 0.410000
0.663499 0.798280 1.280000 0.410000
1.356840 0.351440 1.280000 0.420000
0.351476 1.356768 1.280000 0.420000
1.372754 0.344413 1.280000 0.430000
0.344411 1.372759 1.280000 0.430000
1.388743 0.337685 1.280000 0.440000
0.337698 1.388724 1.280000 0.440000
1.372751 0.344415 1.290000 0.420000
0.344414 1.372753 1.290000 0.420000
1.388744 0.337686 1.290000 0.430000
0.337701 1.388718 1.290000 0.430000
1.372762 0.344408 1.300000 0.410000
0.344441 1.372694 1.300000 0.410000
1.388741 0.337686 1.300000 0.420000
0.337701 1.388717 1.300000 0.420000
1.388739 0.337689 1.310000 0.410000
0.337698 1.388727 1.310000 0.410000
