0.223359410939901
0.223359410938465
0.223359410939905
0.223359410938461
0.223359410939909
0.223359410938457
0.223359410939912
0.223359410938451
0.223359410939913
0.223359410938442
0.223359410939905
0.223359410938415
0.223359410939859
0.223359410938312
0.223359410939657
0.223359410937893
0.223359410938811
0.223359410936163
0.223359410935289
0.223359410928980
0.223359410920655
0.223359410899149
0.223359410859866
0.223359410775268
0.223359410607448
0.223359410261002
0.223359409559911
0.223359408127758
0.223359405217315
0.223359399292190
0.223359387253287
0.223359362805881
0.223359313253055
0.223359213023641
0.223359010941451
0.223358605290173
0.223357796088446
0.223356196054359
0.223353071633413
0.223347077778249
0.223335865705096
0.223315633343211
0.223280952637050
0.223225722282122
0.223146561997003
0.223048955916475
0.222951673968020
0.222879174325530
0.222840779102844
0.222823682381471
0.222819072550825
0.222839772219862
0.222897737458570
0.222983460864047
0.223075410499163
0.223156657769838
0.223220258901532
0.223266396486092
0.223298300378560
0.223319706321223
0.223333798015872
0.223342963788726
0.223348880322767
0.223352681044119
0.223355115111333
0.223356670895954
0.223357664080419
0.223358297603573
0.223358701512679
0.223358958939854
0.223359122981494
0.223359227494354
0.223359294081862
0.223359336497384
0.223359363521354
0.223359380731970
0.223359391699306
0.223359398681445
0.223359403133117
0.223359405964740
0.223359407772539
0.223359408920019
0.223359409655031
0.223359410119150
0.223359410418870
0.223359410605708
0.223359410728803
0.223359410803132
0.223359410854559
0.223359410883237
0.223359410905585
0.223359410915735
0.223359410926285
0.223359410928914
0.223359410934671
0.223359410934241
0.223359410938043
0.223359410936352
0.223359410939335
0.223359410937088
0.223359410939669
0.223359410937087
0.223359410939337
0.223359410936350
0.223359410938046
0.223359410934237
0.223359410934676
0.223359410928908
0.223359410926291
0.223359410915728
0.223359410905594
0.223359410883226
0.223359410854570
0.223359410803120
0.223359410728814
0.223359410605695
0.223359410418882
0.223359410119136
0.223359409655046
0.223359408920004
0.223359407772555
0.223359405964723
0.223359403133135
0.223359398681427
0.223359391699326
0.223359380731949
0.223359363521375
0.223359336497362
0.223359294081884
0.223359227494330
0.223359122981516
0.223358958939827
0.223358701512698
0.223358297603538
0.223357664080433
0.223356670895902
0.223355115111327
0.223352681044034
0.223348880322711
0.223342963788558
0.223333798015696
0.223319706320867
0.223298300378113
0.223266396485341
0.223220258900562
0.223156657768442
0.223075410497566
0.222983460862281
0.222897737457229
0.222839772219082
0.222819072550796
0.222823682381618
0.222840779103371
0.222879174326477
0.222951673969735
0.223048955918287
0.223146561998756
0.223225722283291
0.223280952637945
0.223315633343624
0.223335865705452
0.223347077778321
0.223353071633571
0.223356196054321
0.223357796088546
0.223358605290104
0.223359010941537
0.223359213023562
0.223359313253138
0.223359362805798
0.223359387253372
0.223359399292104
0.223359405217402
0.223359408127671
0.223359409559999
0.223359410260913
0.223359410607538
0.223359410775177
0.223359410859959
0.223359410899056
0.223359410920749
0.223359410928885
0.223359410935385
0.223359410936066
0.223359410938909
0.223359410937794
0.223359410939758
0.223359410938210
0.223359410939962
0.223359410938311
0.223359410940009
0.223359410938336
0.223359410940020
0.223359410938343
0.223359410940021
0.223359410938347
0.223359410940020
0.223359410938349
0.223359410940018
0.223359410938351
0.223359410940016
0.223359410938353
0.223359410940014
0.223359410938355
0.223359410940012
0.223359410938357
0.223359410940010
0.223359410938357
0.223359410940005
0.223359410938353
0.223359410939991
0.223359410938332
0.223359410939939
0.223359410938235
0.223359410939732
0.223359410937824
0.223359410938884
0.223359410936105
0.223359410935370
0.223359410928953
0.223359410920784
0.223359410899237
0.223359410860214
0.223359410775817
0.223359410608719
0.223359410263445
0.223359409565024
0.223359408138040
0.223359405238359
0.223359399334872
0.223359387340111
0.223359362981959
0.223359313609762
0.223359213744166
0.223359012391802
0.223358608194477
0.223357801862442
0.223356207416366
0.223353093668924
0.223347119640038
0.223335942923584
0.223315769906504
0.223281179993795
0.223226069288221
0.223147029292654
0.223049481551494
0.222952131985517
0.222879458213789
0.222840907294534
0.222823741270419
0.222819047969100
0.222839570984845
0.222897349322625
0.222982982701914
0.223074952128826
0.223156280700525
0.223219976859337
0.223266197706586
0.223298165408105
0.223319616802817
0.223333739512974
0.223342925913149
0.223348855944543
0.223352665414191
0.223355105112259
0.223356664510875
0.223357660005036
0.223358295006043
0.223358699855664
0.223358957885175
0.223359122308184
0.223359227066701
0.223359293808088
0.223359336324328
0.223359363409750
0.223359380662256
0.223359391653503
0.223359398653681
0.223359403114002
0.223359405954009
0.223359407764242
0.223359408916211
0.223359409651113
0.223359410118164
0.223359410416715
0.223359410605878
0.223359410727352
0.223359410803783
0.223359410853383
0.223359410884096
0.223359410904509
0.223359410916693
0.223359410925238
0.223359410929926
0.223359410933629
0.223359410935295
0.223359410937002
0.223359410937454
0.223359410938310
0.223359410938263
0.223359410938707
0.223359410938413
0.223359410938558
0.223359410938014
0.223359410937748
0.223359410936707
0.223359410935589
0.223359410933334
0.223359410930221
0.223359410924943
0.223359410916988
0.223359410904212
0.223359410884391
0.223359410853088
0.223359410804079
0.223359410727056
0.223359410606174
0.223359410416418
0.223359410118460
0.223359409650816
0.223359408916508
0.223359407763946
0.223359405954305
0.223359403113706
0.223359398653977
0.223359391653206
0.223359380662552
0.223359363409453
0.223359336324623
0.223359293807790
0.223359227066996
0.223359122307886
0.223358957885467
0.223358699855364
0.223358295006329
0.223357660004727
0.223356664511146
0.223355105111929
0.223352665414428
0.223348855944162
0.223342925913306
0.223333739512472
0.223319616802786
0.223298165407333
0.223266197706158
0.223219976858043
0.223156280699450
0.223074952126911
0.222982982700464
0.222897349320981
0.222839570984368
0.222819047968782
0.222823741270851
0.222840907294785
0.222879458215009
0.222952131986967
0.223049481553565
0.223147029294147
0.223226069289641
0.223281179994435
0.223315769907163
0.223335942923692
0.223347119640354
0.223353093668840
0.223356207416568
0.223357801862304
0.223358608194643
0.223359012391653
0.223359213744322
0.223359313609612
0.223359362982109
0.223359387339962
0.223359399335020
0.223359405238214
0.223359408138185
0.223359409564881
0.223359410263587
0.223359410608578
0.223359410775957
0.223359410860075
0.223359410899375
0.223359410920647
0.223359410929090
0.223359410935235
0.223359410936239
0.223359410938750
0.223359410937956
0.223359410939601
0.223359410938365
0.223359410939810
0.223359410938460
0.223359410939864
0.223359410938478
0.223359410939881
0.223359410938479
0.223359410939888
0.223359410938477
0.223359410939893
0.223359410938473
0.223359410939897
0.223359410938469
