0.922391164593758
0.644631918423224
0.464628851892750
0.378344503146137
0.342954608900579
0.329378679750174
0.324305475845083
0.322428284988795
0.321736225449235
0.321481430256678
0.321387669156149
0.321353172694285
0.321340481656999
0.321335812817871
0.321334095238817
0.321333463375560
0.321333230925890
0.321333145412413
0.321333113953760
0.321333102380768
0.321333098123302
0.321333096557068
0.321333095980883
0.321333095768916
0.321333095690938
0.321333095662251
0.321333095651698
0.321333095647816
0.321333095646387
0.321333095645862
0.321333095645669
0.321333095645597
0.321333095645571
0.321333095645562
0.321333095645558
0.321333095645557
0.321333095645556
0.321333095645556
0.321333095645556
0.321333095645556
0.321333095645556
0.321333095645556
0.321333095645556
0.321333095645556
0.321333095645556
0.321333095645556
0.321333095645556
0.321333095645556
0.321333095645556
0.321333095645556
0.321333095645556
0.321333095645556
0.321333095645556
0.321333095645556
0.321333095645556
0.321333095645556
0.321333095645556
0.321333095645556
0.321333095645556
0.321333095645556
0.321333095645556
0.321333095645556
0.321333095645556
0.321333095645556
0.321333095645556
0.321333095645556
0.321333095645556
0.321333095645556
0.321333095645556
0.321333095645556
0.321333095645556
0.321333095645556
0.321333095645556
0.321333095645556
0.321333095645556
0.321333095645556
0.321333095645556
0.321333095645556
0.321333095645556
0.321333095645556
0.321333095645556
0.321333095645556
0.321333095645556
0.321333095645556
0.321333095645556
0.321333095645556
0.321333095645556
0.321333095645556
0.321333095645556
0.321333095645556
0.321333095645556
0.321333095645556
0.321333095645556
0.321333095645556
0.321333095645556
0.321333095645556
0.321333095645556
0.321333095645556
0.321333095645556
0.321333095645556
0.321333095645556
0.321333095645556
0.321333095645556
0.321333095645556
0.321333095645556
0.321333095645556
0.321333095645556
0.321333095645556
0.321333095645556
0.321333095645556
0.321333095645556
0.321333095645556
0.321333095645556
0.321333095645556
0.321333095645556
0.321333095645556
0.321333095645556
0.321333095645556
0.321333095645556
0.321333095645556
0.321333095645556
0.321333095645556
0.321333095645556
0.321333095645556
0.321333095645556
0.321333095645556
0.321333095645556
0.321333095645556
0.321333095645556
0.321333095645556
0.321333095645556
0.321333095645556
0.321333095645556
0.321333095645556
0.321333095645556
0.321333095645556
0.321333095645556
0.321333095645556
0.321333095645556
0.321333095645556
0.321333095645556
0.321333095645556
0.321333095645556
0.321333095645556
0.321333095645556
0.321333095645556
0.321333095645556
0.321333095645556
0.321333095645556
0.321333095645556
0.321333095645556
0.321333095645556
0.321333095645556
0.321333095645556
0.321333095645556
0.321333095645556
0.321333095645556
0.321333095645556
0.321333095645556
0.321333095645556
0.321333095645556
0.321333095645556
0.321333095645556
0.321333095645556
0.321333095645556
0.321333095645557
0.321333095645558
0.321333095645562
0.321333095645571
0.321333095645597
0.321333095645669
0.321333095645862
0.321333095646387
0.321333095647815
0.321333095651698
0.321333095662251
0.321333095690938
0.321333095768916
0.321333095980882
0.321333096557068
0.321333098123302
0.321333102380768
0.321333113953760
0.321333145412413
0.321333230925890
0.321333463375560
0.321334095238817
0.321335812817871
0.321340481656999
0.321353172694285
0.321387669156149
0.321481430256678
0.321736225449235
0.322428284988795
0.324305475845083
0.329378679750174
0.342954608900579
0.378344503146137
0.464628851892750
0.644631918423224
0.922391164593758
1.200150410764292
1.380153477294766
1.466437826041379
1.501827720286937
1.515403649437342
1.520476853342433
1.522354044198721
1.523046103738281
1.523300898930838
1.523394660031367
1.523429156493231
1.523441847530517
1.523446516369645
1.523448233948699
1.523448865811956
1.523449098261626
1.523449183775103
1.523449215233756
1.523449226806748
1.523449231064214
1.523449232630448
1.523449233206634
1.523449233418600
1.523449233496579
1.523449233525265
1.523449233535819
1.523449233539701
1.523449233541129
1.523449233541654
1.523449233541847
1.523449233541919
1.523449233541945
1.523449233541954
1.523449233541958
1.523449233541959
1.523449233541960
1.523449233541960
1.523449233541960
1.523449233541960
1.523449233541960
1.523449233541960
1.523449233541960
1.523449233541960
1.523449233541960
1.523449233541960
1.523449233541960
1.523449233541960
1.523449233541960
1.523449233541960
1.523449233541960
1.523449233541960
1.523449233541960
1.523449233541960
1.523449233541960
1.523449233541960
1.523449233541960
1.523449233541960
1.523449233541960
1.523449233541960
1.523449233541960
1.523449233541960
1.523449233541960
1.523449233541960
1.523449233541960
1.523449233541960
1.523449233541960
1.523449233541960
1.523449233541960
1.523449233541960
1.523449233541960
1.523449233541960
1.523449233541960
1.523449233541960
1.523449233541960
1.523449233541960
1.523449233541960
1.523449233541960
1.523449233541960
1.523449233541960
1.523449233541960
1.523449233541960
1.523449233541960
1.523449233541960
1.523449233541960
1.523449233541960
1.523449233541960
1.523449233541960
1.523449233541960
1.523449233541960
1.523449233541960
1.523449233541960
1.523449233541960
1.523449233541960
1.523449233541960
1.523449233541960
1.523449233541960
1.523449233541960
1.523449233541960
1.523449233541960
1.523449233541960
1.523449233541960
1.523449233541960
1.523449233541960
1.523449233541960
1.523449233541960
1.523449233541960
1.523449233541960
1.523449233541960
1.523449233541960
1.523449233541960
1.523449233541960
1.523449233541960
1.523449233541960
1.523449233541960
1.523449233541960
1.523449233541960
1.523449233541960
1.523449233541960
1.523449233541960
1.523449233541960
1.523449233541960
1.523449233541960
1.523449233541960
1.523449233541960
1.523449233541960
1.523449233541960
1.523449233541960
1.523449233541960
1.523449233541960
1.523449233541960
1.523449233541960
1.523449233541960
1.523449233541960
1.523449233541960
1.523449233541960
1.523449233541960
1.523449233541960
1.523449233541960
1.523449233541960
1.523449233541960
1.523449233541960
1.523449233541960
1.523449233541960
1.523449233541960
1.523449233541960
1.523449233541960
1.523449233541960
1.523449233541960
1.523449233541960
1.523449233541960
1.523449233541960
1.523449233541960
1.523449233541960
1.523449233541960
1.523449233541960
1.523449233541960
1.523449233541960
1.523449233541960
1.523449233541960
1.523449233541960
1.523449233541960
1.523449233541960
1.523449233541960
1.523449233541960
1.523449233541960
1.523449233541959
1.523449233541958
1.523449233541954
1.523449233541945
1.523449233541919
1.523449233541847
1.523449233541654
1.523449233541129
1.523449233539701
1.523449233535819
1.523449233525265
1.523449233496579
1.523449233418600
1.523449233206633
1.523449232630448
1.523449231064214
1.523449226806748
1.523449215233756
1.523449183775103
1.523449098261626
1.523448865811956
1.523448233948699
1.523446516369645
1.523441847530517
1.523429156493231
1.523394660031367
1.523300898930838
1.523046103738281
1.522354044198721
1.520476853342433
1.515403649437342
1.501827720286937
1.466437826041379
1.380153477294766
1.200150410764292
