0.772411616920222
0.762791102965141
0.710251599049713
0.624530134387776
0.522746473012580
0.429624234034351
0.363490816302171
0.325048908983328
0.305344853812338
0.295908258775531
0.291535120921713
0.289541739078171
0.288637888862878
0.288231202008707
0.288046752060751
0.287964987530006
0.287926999898262
0.287911232123370
0.287902940247622
0.287900562158625
0.287898275458892
0.287898620037773
0.287897536532228
0.287898441533040
0.287897588248305
0.287898615204514
0.287897795196281
0.287898854986465
0.287898028584451
0.287899102882716
0.287898262292715
0.287899347117901
0.287898491008638
0.287899585284129
0.287898713636994
0.287899816872335
0.287898929937568
0.287900041758708
0.287899139843794
0.287900259897963
0.287899343324682
0.287900471261196
0.287899540356849
0.287900675823298
0.287899730918865
0.287900873560428
0.287899914990118
0.287901064449501
0.287900092550602
0.287901248468106
0.287900263580883
0.287901425594505
0.287900428062106
0.287901595807640
0.287900585976008
0.287901759087151
0.287900737304935
0.287901915413389
0.287900882031858
0.287902064767437
0.287901020140386
0.287902207131119
0.287901151614784
0.287902342487022
0.287901276439981
0.287902470818503
0.287901394601596
0.287902592109708
0.287901506085937
0.287902706345587
0.287901610880023
0.287902813511900
0.287901708971593
0.287902913595238
0.287901800349122
0.287903006583028
0.287901885001828
0.287903092463546
0.287901962919682
0.287903171225932
0.287902034093422
0.287903242860192
0.287902098514560
0.287903307357213
0.287902156175388
0.287903364708769
0.287902207068992
0.287903414907529
0.287902251189254
0.287903457947065
0.287902288530855
0.287903493821855
0.287902319089291
0.287903522527289
0.287902342860868
0.287903544059676
0.287902359842708
0.287903558416243
0.287902370032758
0.287903565595143
0.287902373429782
0.287903565595451
0.287902370033370
0.287903558417169
0.287902359843936
0.287903544061224
0.287902342862719
0.287903522529470
0.287902319091778
0.287903493824681
0.287902288533991
0.287903457950554
0.287902251193058
0.287903414911700
0.287902207073488
0.287903364713648
0.287902156180602
0.287903307362830
0.287902098520522
0.287903242866581
0.287902034100169
0.287903171233131
0.287901962927255
0.287903092471600
0.287901885010274
0.287903006591985
0.287901800358493
0.287902913605154
0.287901708981946
0.287902813522836
0.287901610891422
0.287902706357610
0.287901506098453
0.287902592122893
0.287901394615308
0.287902470832933
0.287901276454975
0.287902342502787
0.287901151631153
0.287902207148319
0.287901020158235
0.287902064786179
0.287900882051299
0.287901915433794
0.287900737326094
0.287901759109348
0.287900585999020
0.287901595831773
0.287900428087122
0.287901425620731
0.287900263608064
0.287901248496594
0.287900092580124
0.287901064480437
0.287899915022175
0.287900873594017
0.287899730953668
0.287900675859762
0.287899540394630
0.287900471300772
0.287899343365690
0.287900259940915
0.287899139888303
0.287900041805323
0.287898929985878
0.287899816922926
0.287898713689429
0.287899585339038
0.287898491065553
0.287899347177501
0.287898262354497
0.287899102947410
0.287898028651520
0.287898855056695
0.287897795269097
0.287898615280758
0.287897588327361
0.287898441615807
0.287897536618038
0.287898620127561
0.287898275551886
0.287900562255696
0.287902940347643
0.287911232226612
0.287927000002035
0.287964987631298
0.288046752149328
0.288231202065007
0.288637888839717
0.289541738874726
0.291535120313333
0.295908257284583
0.305344850458656
0.325048901970145
0.363490803057827
0.429624212848860
0.522746446204852
0.624530107735681
0.710251576350361
0.762791084184229
0.772411599818997
0.734220672387479
0.650667086970032
0.539841620560085
0.435785356455063
0.363065810969692
0.321593824162822
0.300441670903767
0.290213508525910
0.285393289529383
0.283154246534861
0.282131684974968
0.281675879413226
0.281486172241062
0.281418435869670
0.281409290926354
0.281425488451355
0.281455255391742
0.281489430743743
0.281527390209798
0.281565224028559
0.281604688486635
0.281643046197798
0.281682534213140
0.281720704895534
0.281759863582146
0.281797661961509
0.281836383390485
0.281873738436156
0.281911968068297
0.281948833788077
0.281986528941760
0.282022865055152
0.282059985925115
0.282095753702345
0.282132261445555
0.282167422840436
0.282203279197467
0.282237796696266
0.282272963946618
0.282306800572722
0.282341241562853
0.282374360915373
0.282408039102543
0.282440405402260
0.282473284901742
0.282504863038535
0.282536908671385
0.282567664251784
0.282598841592496
0.282628740986980
0.282659016410796
0.282688026800667
0.282717367530390
0.282745456954118
0.282773831106330
0.282800968505242
0.282828345135813
0.282854500399017
0.282880849547786
0.282905993556231
0.282931286290755
0.282955390960301
0.282979599418561
0.283002637741957
0.283025735173902
0.283047681261559
0.283069642069387
0.283090471188830
0.283111270965897
0.283130959579804
0.283150575148036
0.283169100950744
0.283187510396479
0.283204852348857
0.283222035056989
0.283238173419577
0.283254110105913
0.283269026470246
0.283283699211980
0.283297376529981
0.283310768794202
0.283323191405570
0.283335288075706
0.283346441733216
0.283357229133350
0.283367101025989
0.283376566942955
0.283385145716818
0.283393279420026
0.283400555196910
0.283407347455829
0.283413311849472
0.283418754948716
0.283423401078619
0.283427488830596
0.283430811333398
0.283433539088477
0.283435534126836
0.283436898780998
0.283437564049958
0.283437564049914
0.283436898780726
0.283435534126476
0.283433539087888
0.283430811332722
0.283427488829692
0.283423401077631
0.283418754947498
0.283413311848174
0.283407347454299
0.283400555195305
0.283393279418187
0.283385145714908
0.283376566940810
0.283367101023780
0.283357229130903
0.283346441730713
0.283335288072962
0.283323191402778
0.283310768791166
0.283297376526909
0.283283699208660
0.283269026466900
0.283254110102314
0.283238173415965
0.283222035053121
0.283204852344989
0.283187510392352
0.283169100946633
0.283150575143658
0.283130959575461
0.283111270961281
0.283090471184269
0.283069642064547
0.283047681256794
0.283025735168852
0.283002637737007
0.282979599413319
0.282955390955184
0.282931286285340
0.282905993550968
0.282880849542218
0.282854500393633
0.282828345130117
0.282800968499764
0.282773831100533
0.282745456948576
0.282717367524522
0.282688026795096
0.282659016404893
0.282628740981419
0.282598841586596
0.282567664246276
0.282536908665531
0.282504863033130
0.282473284895987
0.282440405397015
0.282408039096946
0.282374360910352
0.282341241557478
0.282306800568000
0.282272963941542
0.282237796691927
0.282203279192778
0.282167422836577
0.282132261441354
0.282095753699077
0.282059985921516
0.282022865052601
0.281986528938896
0.281948833786391
0.281911968066322
0.281873738435504
0.281836383389576
0.281797661962086
0.281759863582509
0.281720704897569
0.281682534215021
0.281643046201567
0.281604688490345
0.281565224034445
0.281527390215826
0.281489430752463
0.281455255401256
0.281425488465030
0.281409290943470
0.281418435896699
0.281486172283322
0.281675879490769
0.282131685121556
0.283154246832010
0.285393290140528
0.290213509803834
0.300441673554350
0.321593829519996
0.363065821062219
0.435785372925250
0.539841641765372
0.650667108003914
0.734220690689456
