1.445587396534081
1.560951945792725
1.615393116857613
1.635973173433760
1.635399205907376
1.613262747414531
1.555595650582299
1.434881512909534
1.226042857602610
0.956076909327250
0.707008850331898
0.521262676605033
0.396151924027574
0.324053482751184
0.288842979274103
0.273425750444223
0.267006093084833
0.264420709087363
0.263371697313098
0.262972126573825
0.262803292863180
0.262755843275549
0.262728162330354
0.262736668354166
0.262731656772213
0.262748794553839
0.262747519833386
0.262765744248408
0.262765165904941
0.262783277646605
0.262782890685538
0.262800702073338
0.262800406521090
0.262817890768364
0.262817651892756
0.262834807453856
0.262834601571217
0.262851430531228
0.262851236358294
0.262867741010593
0.262867538279291
0.262883720603957
0.262883489833960
0.262899351439006
0.262899073894464
0.262914616030988
0.262914273706220
0.262929497295414
0.262929072904832
0.262943978566871
0.262943455535245
0.262958043618412
0.262957406070882
0.262971676680624
0.262970909432382
0.262984862460185
0.262983951005861
0.262997586157902
0.262996516660649
0.263009833486161
0.263008592766491
0.263021590685810
0.263020166210171
0.263032844542412
0.263031224411539
0.263043582401882
0.263041755338921
0.263053792185469
0.263051747523883
0.263063462404064
0.263061190075335
0.263072582171830
0.263070072692936
0.263081141219113
0.263078385679807
0.263089129904644
0.263086119954501
0.263096539226991
0.263093267062245
0.263103360835267
0.263099819185406
0.263109587039063
0.263105769153185
0.263115210817603
0.263111110450520
0.263120225828108
0.263115837226181
0.263124626413352
0.263119944300047
0.263128407608410
0.263123427169549
0.263131565146573
0.263126282015283
0.263134095464444
0.263128505705763
0.263135995706187
0.263130095801333
0.263137263726938
0.263131050557202
0.263137898095361
0.263131368925622
0.263137898095361
0.263131050557202
0.263137263726937
0.263130095801333
0.263135995706186
0.263128505705763
0.263134095464442
0.263126282015283
0.263131565146571
0.263123427169549
0.263128407608407
0.263119944300047
0.263124626413349
0.263115837226182
0.263120225828104
0.263111110450521
0.263115210817599
0.263105769153186
0.263109587039058
0.263099819185408
0.263103360835262
0.263093267062247
0.263096539226985
0.263086119954503
0.263089129904638
0.263078385679808
0.263081141219106
0.263070072692938
0.263072582171822
0.263061190075336
0.263063462404056
0.263051747523884
0.263053792185461
0.263041755338922
0.263043582401874
0.263031224411540
0.263032844542403
0.263020166210172
0.263021590685800
0.263008592766492
0.263009833486151
0.262996516660650
0.262997586157891
0.262983951005862
0.262984862460174
0.262970909432383
0.262971676680611
0.262957406070883
0.262958043618400
0.262943455535246
0.262943978566858
0.262929072904833
0.262929497295400
0.262914273706221
0.262914616030973
0.262899073894466
0.262899351438990
0.262883489833962
0.262883720603941
0.262867538279293
0.262867741010576
0.262851236358296
0.262851430531212
0.262834601571220
0.262834807453839
0.262817651892760
0.262817890768347
0.262800406521094
0.262800702073320
0.262782890685543
0.262783277646586
0.262765165904946
0.262765744248389
0.262747519833391
0.262748794553820
0.262731656772220
0.262736668354151
0.262728162330372
0.262755843275559
0.262803292863266
0.262972126574004
0.263371697313605
0.264420709088590
0.267006093087939
0.273425750451781
0.288842979292049
0.324053482790622
0.396151924103210
0.521262676725784
0.707008850502770
0.956076909540668
1.226042857798737
1.434881513036913
1.555595650647791
1.613262747442948
1.635399205915395
1.635973173426675
1.615393116830928
1.560951945730643
1.445587396411457
1.240959281632539
0.962924044499524
0.692302348609823
0.492747992680871
0.372441690875088
0.310639443876439
0.282156757972315
0.269840612147074
0.264841516322149
0.263021850931604
0.262601622865490
0.262765539830040
0.263203314904327
0.263741128353539
0.264342530947196
0.264954398271103
0.265589706387013
0.266219206870666
0.266863764760882
0.267499921367189
0.268148761448626
0.268789142669734
0.269441003408684
0.270084782036400
0.270739085315981
0.271385717877405
0.272041989941566
0.272690961288478
0.273348719106995
0.273999490888378
0.274658218031082
0.275310216536786
0.275969356383775
0.276621968014447
0.277280920308849
0.277933488493029
0.278591606507326
0.279243428865315
0.279900016660483
0.280550342198969
0.281204651898134
0.281852678221690
0.282503907315416
0.283148777889034
0.283796066616616
0.284436868131769
0.285079296997592
0.285715056907725
0.286351644404957
0.286981328709726
0.287611029337479
0.288233540709428
0.288855243384330
0.289469419746868
0.290081946725503
0.290686560406693
0.291288666850993
0.291882424453122
0.292472798785835
0.293054341925070
0.293631607135849
0.294199514218406
0.294762230291488
0.295315019501137
0.295861687141535
0.296397820816192
0.296926886650816
0.297444777221592
0.297954640642811
0.298452658294881
0.298941680094579
0.299418162283802
0.299884675193985
0.300337938114266
0.300780259324151
0.301208611366922
0.301625057025225
0.302026814203662
0.302415715838597
0.302789219065884
0.303148941765656
0.303492575781202
0.303821537877610
0.304133751511393
0.304430445403395
0.304709772762528
0.304972786411980
0.305217868472380
0.305445907008678
0.305655513007163
0.305847419800095
0.306020467757260
0.306175244267026
0.306310819937432
0.306427643635302
0.306525017185799
0.306603256863982
0.306661896627471
0.306701124484840
0.306720707226092
0.306720707226090
0.306701124484812
0.306661896627438
0.306603256863924
0.306525017185736
0.306427643635214
0.306310819937339
0.306175244266907
0.306020467757137
0.305847419799948
0.305655513007011
0.305445907008502
0.305217868472200
0.304972786411776
0.304709772762322
0.304430445403166
0.304133751511161
0.303821537877356
0.303492575780944
0.303148941765378
0.302789219065602
0.302415715838295
0.302026814203358
0.301625057024902
0.301208611366596
0.300780259323807
0.300337938113919
0.299884675193621
0.299418162283438
0.298941680094197
0.298452658294498
0.297954640642411
0.297444777221193
0.296926886650401
0.296397820815778
0.295861687141105
0.295315019500708
0.294762230291046
0.294199514217965
0.293631607135395
0.293054341924617
0.292472798785371
0.291882424452657
0.291288666850519
0.290686560406219
0.290081946725020
0.289469419746385
0.288855243383841
0.288233540708938
0.287611029336984
0.286981328709229
0.286351644404457
0.285715056907222
0.285079296997087
0.284436868131263
0.283796066616107
0.283148777888524
0.282503907314905
0.281852678221177
0.281204651897621
0.280550342198454
0.279900016659969
0.279243428864798
0.278591606506812
0.277933488492510
0.277280920308333
0.276621968013928
0.275969356383260
0.275310216536269
0.274658218030568
0.273999490887861
0.273348719106482
0.272690961287962
0.272041989941055
0.271385717876890
0.270739085315474
0.270084782035887
0.269441003408179
0.268789142669223
0.268148761448124
0.267499921366680
0.266863764760385
0.266219206870161
0.265589706386522
0.264954398270608
0.264342530946724
0.263741128353081
0.263203314903941
0.262765539829770
0.262601622865535
0.263021850932325
0.264841516324485
0.269840612153072
0.282156757986669
0.310639443908840
0.372441690942758
0.492747992804339
0.692302348797735
0.962924044726098
1.240959281828452
