0.713916365855284
0.629450418831101
0.554636045234106
0.473052291605493
0.395666034820941
0.339399332796010
0.306523537697882
0.289720770862056
0.281714536990379
0.278026568854832
0.276354274276293
0.275601301500018
0.275263440002217
0.275111993599322
0.275044239048677
0.275013868887308
0.275000346089596
0.274994257137021
0.274991605209294
0.274990381372485
0.274989907801199
0.274989657817196
0.274989620688552
0.274989564829241
0.274989615087610
0.274989597117359
0.274989664801215
0.274989653415441
0.274989724485777
0.274989713412770
0.274989785035898
0.274989773020145
0.274989844607691
0.274989831399124
0.274989902812718
0.274989888363087
0.274989959554640
0.274989943856482
0.274990014796121
0.274989997850498
0.274990068512128
0.274990050322166
0.274990120680585
0.274990101250174
0.274990171280503
0.274990150614042
0.274990220291617
0.274990198393957
0.274990267694313
0.274990244570751
0.274990313469625
0.274990289125900
0.274990357599239
0.274990332041530
0.274990400065499
0.274990373300425
0.274990440851414
0.274990412886033
0.274990479940665
0.274990450782473
0.274990517317612
0.274990486974542
0.274990552967298
0.274990521447721
0.274990586875462
0.274990554188179
0.274990619028533
0.274990585182782
0.274990649413646
0.274990614419093
0.274990678018644
0.274990641885383
0.274990704832080
0.274990667570633
0.274990729843223
0.274990691464537
0.274990753042066
0.274990713557508
0.274990774419326
0.274990733840682
0.274990793966448
0.274990752305922
0.274990811675610
0.274990768945819
0.274990827539726
0.274990783753696
0.274990841552448
0.274990796723612
0.274990853708166
0.274990807850363
0.274990864002018
0.274990817129485
0.274990872429883
0.274990824557253
0.274990878988390
0.274990830130689
0.274990883674913
0.274990833847556
0.274990886487577
0.274990835706362
0.274990887425257
0.274990835706362
0.274990886487577
0.274990833847556
0.274990883674913
0.274990830130689
0.274990878988390
0.274990824557254
0.274990872429883
0.274990817129485
0.274990864002017
0.274990807850364
0.274990853708166
0.274990796723613
0.274990841552447
0.274990783753697
0.274990827539726
0.274990768945820
0.274990811675609
0.274990752305923
0.274990793966447
0.274990733840684
0.274990774419325
0.274990713557509
0.274990753042065
0.274990691464538
0.274990729843222
0.274990667570635
0.274990704832078
0.274990641885385
0.274990678018642
0.274990614419095
0.274990649413644
0.274990585182784
0.274990619028531
0.274990554188182
0.274990586875460
0.274990521447724
0.274990552967296
0.274990486974545
0.274990517317610
0.274990450782476
0.274990479940663
0.274990412886036
0.274990440851411
0.274990373300428
0.274990400065497
0.274990332041533
0.274990357599237
0.274990289125903
0.274990313469623
0.274990244570755
0.274990267694311
0.274990198393961
0.274990220291615
0.274990150614046
0.274990171280501
0.274990101250178
0.274990120680582
0.274990050322169
0.274990068512125
0.274989997850502
0.274990014796118
0.274989943856486
0.274989959554637
0.274989888363091
0.274989902812714
0.274989831399128
0.274989844607687
0.274989773020149
0.274989785035895
0.274989713412774
0.274989724485774
0.274989653415445
0.274989664801212
0.274989597117363
0.274989615087607
0.274989564829245
0.274989620688549
0.274989657817200
0.274989907801196
0.274990381372489
0.274991605209293
0.274994257137030
0.275000346089606
0.275013868887342
0.275044239048741
0.275111993599477
0.275263440002553
0.275601301500780
0.276354274277977
0.278026568858576
0.281714536998585
0.289720770879690
0.306523537734036
0.339399332863500
0.395666034926833
0.473052291733472
0.554636045354411
0.629450418946349
0.713916366010094
0.840817277399052
1.025368196109396
1.232722751101306
1.403123061276262
1.511955979435545
1.571322275389907
1.601068554250683
1.615357772911599
1.622084146103438
1.625220367102625
1.626675256558181
1.627348431347470
1.627658623268862
1.627801108172380
1.627865555981514
1.627894300995538
1.627906126278436
1.627910524678616
1.627911095155490
1.627910288572722
1.627908461850103
1.627906549735916
1.627904224017712
1.627902086082855
1.627899669982206
1.627897496784631
1.627895080072000
1.627892914647671
1.627890518828088
1.627888372616197
1.627886004559198
1.627883882211858
1.627881545627674
1.627879450317469
1.627877148210653
1.627875082763944
1.627872817955813
1.627870785092585
1.627868560330321
1.627866562712834
1.627864380690154
1.627862420930703
1.627860284289644
1.627858364949621
1.627856276278327
1.627854399865461
1.627852361695175
1.627850530660440
1.627848545462375
1.627846762196886
1.627844832379131
1.627843099211088
1.627841227115582
1.627839546307307
1.627837734206890
1.627836107951925
1.627834358047477
1.627832788467779
1.627831102885450
1.627829592028682
1.627827972817210
1.627826522654113
1.627824971782242
1.627823584204111
1.627822103558107
1.627820780374368
1.627819371755636
1.627818114691531
1.627816779814343
1.627815590508712
1.627814330998036
1.627813211001220
1.627812028390673
1.627810979162522
1.627809874892427
1.627808897800426
1.627807873215987
1.627806969533502
1.627806025883109
1.627805196787751
1.627804335221394
1.627803581793507
1.627802803361326
1.627802126582597
1.627801432233545
1.627800832985745
1.627800223566390
1.627799702630239
1.627799178883691
1.627798736937852
1.627798299502820
1.627797937123035
1.627797586533021
1.627797304191360
1.627797040873975
1.627796838938240
1.627796663214671
1.627796541947911
1.627796454032509
1.627796413592692
1.627796413592698
1.627796454032502
1.627796541947918
1.627796663214665
1.627796838938246
1.627797040873969
1.627797304191366
1.627797586533014
1.627797937123040
1.627798299502814
1.627798736937857
1.627799178883684
1.627799702630244
1.627800223566384
1.627800832985751
1.627801432233540
1.627802126582603
1.627802803361321
1.627803581793513
1.627804335221390
1.627805196787758
1.627806025883104
1.627806969533509
1.627807873215982
1.627808897800433
1.627809874892423
1.627810979162529
1.627812028390669
1.627813211001228
1.627814330998032
1.627815590508719
1.627816779814337
1.627818114691538
1.627819371755631
1.627820780374375
1.627822103558101
1.627823584204119
1.627824971782236
1.627826522654122
1.627827972817204
1.627829592028691
1.627831102885444
1.627832788467788
1.627834358047471
1.627836107951932
1.627837734206884
1.627839546307315
1.627841227115578
1.627843099211096
1.627844832379126
1.627846762196893
1.627848545462371
1.627850530660447
1.627852361695171
1.627854399865470
1.627856276278324
1.627858364949630
1.627860284289641
1.627862420930712
1.627864380690152
1.627866562712843
1.627868560330320
1.627870785092594
1.627872817955812
1.627875082763953
1.627877148210652
1.627879450317479
1.627881545627673
1.627883882211868
1.627886004559198
1.627888372616207
1.627890518828087
1.627892914647680
1.627895080071999
1.627897496784641
1.627899669982205
1.627902086082865
1.627904224017710
1.627906549735926
1.627908461850102
1.627910288572732
1.627911095155486
1.627910524678619
1.627906126278421
1.627894300995516
1.627865555981443
1.627801108172241
1.627658623268541
1.627348431346785
1.626675256556684
1.625220367099409
1.622084146096506
1.615357772896794
1.601068554219419
1.571322275325731
1.511955979311069
1.403123061060759
1.232722750796889
1.025368195791311
0.840817277157089
