0.678431699646202
0.635106671501442
0.599844771620596
0.549299974810975
0.477551774289225
0.402123540318996
0.344477362675062
0.309797607157096
0.291748166516708
0.283043823362220
0.278998928062501
0.277151397682381
0.276314199668377
0.275936081242811
0.275765612498041
0.275688700813277
0.275654053877995
0.275638323976687
0.275631237585468
0.275627910715369
0.275626417229609
0.275625602480771
0.275625248784010
0.275624941540156
0.275624825058592
0.275624619146192
0.275624556894867
0.275624370088420
0.275624324912875
0.275624140639515
0.275624104937267
0.275623919930688
0.275623892086402
0.275623705778427
0.275623685388345
0.275623497758995
0.275623484663151
0.275623295804899
0.275623289891035
0.275623099920447
0.275623101084300
0.275622910124083
0.275622918261386
0.275622726436696
0.275622741441584
0.275622548879234
0.275622570643960
0.275622377472210
0.275622405887126
0.275622212235584
0.275622247189181
0.275622053188738
0.275622094567681
0.275621900350448
0.275621948039630
0.275621753738874
0.275621807621464
0.275621613371539
0.275621673329033
0.275621479265322
0.275621545177591
0.275621351436440
0.275621423181782
0.275621229900430
0.275621307355626
0.275621114672146
0.275621197712503
0.275621005765738
0.275621094265147
0.275620903194643
0.275620997025630
0.275620806971574
0.275620906005356
0.275620717108502
0.275620821215039
0.275620633616654
0.275620742664705
0.275620556506500
0.275620670363677
0.275620485787740
0.275620604320565
0.275620421469298
0.275620544543260
0.275620363559316
0.275620491038926
0.275620312065140
0.275620443813987
0.275620266993318
0.275620402874132
0.275620228349595
0.275620368224300
0.275620196138904
0.275620339868679
0.275620170365363
0.275620317810700
0.275620151032269
0.275620302053038
0.275620138142100
0.275620292597602
0.275620131696508
0.275620289445538
0.275620131696318
0.275620292597229
0.275620138141528
0.275620302052289
0.275620151031309
0.275620317809568
0.275620170364006
0.275620339867153
0.275620196137139
0.275620368222368
0.275620228347407
0.275620402871777
0.275620266990688
0.275620443811188
0.275620312062044
0.275620491035657
0.275620363555728
0.275620544539494
0.275620421465187
0.275620604316269
0.275620485783069
0.275620670358813
0.275620556501231
0.275620742659231
0.275620633610741
0.275620821208907
0.275620717101895
0.275620905998515
0.275620806964216
0.275620997018021
0.275620903186473
0.275621094256705
0.275621005756687
0.275621197703158
0.275621114662139
0.275621307345299
0.275621229889383
0.275621423170387
0.275621351424263
0.275621545165034
0.275621479251918
0.275621673315210
0.275621613356798
0.275621807606261
0.275621753722676
0.275621948022924
0.275621900332663
0.275622094549335
0.275622053169223
0.275622247169048
0.275622212214184
0.275622405865045
0.275622377448754
0.275622570619754
0.275622548853538
0.275622741415061
0.275622726408556
0.275622918232337
0.275622910093280
0.275623101052497
0.275623099886739
0.275623289856227
0.275623295768026
0.275623484625066
0.275623497718669
0.275623685346688
0.275623705734337
0.275623892040849
0.275623919882495
0.275624104887465
0.275624140586849
0.275624324858440
0.275624370030876
0.275624556835380
0.275624619083326
0.275624824993590
0.275624941471477
0.275625248712965
0.275625602405688
0.275626417151831
0.275627910632979
0.275631237499618
0.275638323884702
0.275654053779718
0.275688700702757
0.275765612368238
0.275936081072101
0.276314199415401
0.277151397249462
0.278998927243200
0.283043821709122
0.291748163130600
0.309797600417160
0.344477350438407
0.402123521808763
0.477551753409536
0.549299958746973
0.599844764316356
0.635106672738004
0.678431709195465
0.758454218045113
0.898675885045325
1.093611248182514
1.292319590589232
1.442072364412346
1.532599025633754
1.580599589661343
1.604347817381311
1.615687177379397
1.620995885058825
1.623440537120926
1.624542014911571
1.625014716505405
1.625195840284897
1.625239915529402
1.625221692307887
1.625173238219947
1.625112210215108
1.625044134657768
1.624974276231813
1.624902433682804
1.624831164907468
1.624759050214211
1.624688037668306
1.624616466889450
1.624546129612459
1.624475337573583
1.624405823624968
1.624335918624050
1.624267316814834
1.624198379205323
1.624130764981851
1.624062868506519
1.623996313846353
1.623929530202648
1.623864105695682
1.623798505458349
1.623734280689558
1.623669933441200
1.623606977003871
1.623543951293092
1.623482330721565
1.623420693983553
1.623360475668497
1.623300294137556
1.623241543237621
1.623182881858217
1.623125662211240
1.623068584549146
1.623012958583755
1.622957526737786
1.622903555385739
1.622849829900359
1.622797572509852
1.622745612288854
1.622695126539014
1.622644988760507
1.622596330577282
1.622548070610171
1.622501294083813
1.622454965406004
1.622410122710376
1.622365776828900
1.622322918142813
1.622280604516090
1.622239777946860
1.622199543909318
1.622160795418784
1.622122686108013
1.622086059441192
1.622050117727875
1.622015654344471
1.621981920765258
1.621949659774212
1.621918172467744
1.621888150565027
1.621858945211293
1.621831196621108
1.621804306384324
1.621778862803906
1.621754318279072
1.621731208827248
1.621709037990552
1.621688289160217
1.621668517323444
1.621650152938096
1.621632802707172
1.621616843881646
1.621601935119450
1.621588400224981
1.621575950018547
1.621564854652247
1.621554877284449
1.621546234243331
1.621538741169147
1.621532560428742
1.621527560256185
1.621523848953844
1.621521347429590
1.621520109852521
1.621520109852314
1.621521347430393
1.621523848954233
1.621527560257583
1.621532560429725
1.621538741171139
1.621546234244903
1.621554877287031
1.621564854654403
1.621575950021715
1.621588400227717
1.621601935123199
1.621616843884953
1.621632802711497
1.621650152941966
1.621668517328337
1.621688289164642
1.621709037996005
1.621731208832216
1.621754318285072
1.621778862809407
1.621804306390862
1.621831196627125
1.621858945218353
1.621888150571546
1.621918172475312
1.621949659781214
1.621981920773317
1.622015654351934
1.622050117736404
1.622086059449097
1.622122686116991
1.622160795427104
1.622199543918720
1.622239777955568
1.622280604525888
1.622322918151876
1.622365776839061
1.622410122719760
1.622454965416493
1.622501294093477
1.622548070620950
1.622596330587183
1.622644988771529
1.622695126549103
1.622745612300069
1.622797572520073
1.622849829911711
1.622903555396028
1.622957526749211
1.623012958594041
1.623068584560570
1.623125662221442
1.623182881869557
1.623241543247648
1.623300294148717
1.623360475678246
1.623420693994428
1.623482330730916
1.623543951303558
1.623606977012689
1.623669933451115
1.623734280697688
1.623798505467549
1.623864105702944
1.623929530210948
1.623996313852544
1.624062868513704
1.624130764986738
1.624198379211145
1.624267316818147
1.624335918628228
1.624405823626394
1.624475337575787
1.624546129611639
1.624616466889294
1.624688037664817
1.624759050211240
1.624831164900794
1.624902433676421
1.624974276221207
1.625044134646973
1.625112210199048
1.625173238202162
1.625221692281554
1.625239915495072
1.625195840228593
1.625014716413140
1.624542014737404
1.623440536783365
1.620995884367503
1.615687175950490
1.604347814406186
1.580599583572058
1.532599013668033
1.442072342931901
1.292319558019388
1.093611210473403
0.898675853538641
0.758454198251101
