0.303334423917018
0.304589164635164
0.305673906152038
0.306499786119597
0.307069781968300
0.307437029308609
0.307663268620627
0.307798811145497
0.307878664333181
0.307925244265530
0.307952258091242
0.307967871957850
0.307976879134987
0.307982069269731
0.307985058002739
0.307986778418914
0.307987768536107
0.307988338288269
0.307988666122620
0.307988854750182
0.307988963279135
0.307989025721621
0.307989061647829
0.307989082317835
0.307989094210214
0.307989101052421
0.307989104989039
0.307989107253945
0.307989108557043
0.307989109306771
0.307989109738121
0.307989109986295
0.307989110129081
0.307989110211231
0.307989110258496
0.307989110285689
0.307989110301335
0.307989110310336
0.307989110315515
0.307989110318495
0.307989110320209
0.307989110321196
0.307989110321763
0.307989110322090
0.307989110322277
0.307989110322386
0.307989110322448
0.307989110322484
0.307989110322504
0.307989110322516
0.307989110322523
0.307989110322527
0.307989110322529
0.307989110322530
0.307989110322531
0.307989110322531
0.307989110322532
0.307989110322532
0.307989110322532
0.307989110322532
0.307989110322532
0.307989110322532
0.307989110322532
0.307989110322532
0.307989110322532
0.307989110322532
0.307989110322532
0.307989110322532
0.307989110322532
0.307989110322532
0.307989110322532
0.307989110322532
0.307989110322532
0.307989110322532
0.307989110322532
0.307989110322532
0.307989110322532
0.307989110322532
0.307989110322532
0.307989110322532
0.307989110322532
0.307989110322532
0.307989110322532
0.307989110322532
0.307989110322532
0.307989110322532
0.307989110322532
0.307989110322532
0.307989110322532
0.307989110322532
0.307989110322532
0.307989110322532
0.307989110322532
0.307989110322532
0.307989110322532
0.307989110322532
0.307989110322532
0.307989110322532
0.307989110322532
0.307989110322532
0.307989110322532
0.307989110322532
0.307989110322532
0.307989110322532
0.307989110322532
0.307989110322532
0.307989110322532
0.307989110322532
0.307989110322532
0.307989110322532
0.307989110322532
0.307989110322532
0.307989110322532
0.307989110322532
0.307989110322532
0.307989110322532
0.307989110322532
0.307989110322532
0.307989110322532
0.307989110322532
0.307989110322532
0.307989110322532
0.307989110322532
0.307989110322532
0.307989110322532
0.307989110322532
0.307989110322532
0.307989110322532
0.307989110322532
0.307989110322532
0.307989110322532
0.307989110322532
0.307989110322532
0.307989110322532
0.307989110322532
0.307989110322532
0.307989110322532
0.307989110322532
0.307989110322532
0.307989110322532
0.307989110322532
0.307989110322532
0.307989110322532
0.307989110322532
0.307989110322532
0.307989110322531
0.307989110322531
0.307989110322530
0.307989110322529
0.307989110322527
0.307989110322523
0.307989110322516
0.307989110322504
0.307989110322484
0.307989110322448
0.307989110322386
0.307989110322277
0.307989110322090
0.307989110321763
0.307989110321196
0.307989110320209
0.307989110318495
0.307989110315515
0.307989110310336
0.307989110301335
0.307989110285689
0.307989110258496
0.307989110211231
0.307989110129081
0.307989109986295
0.307989109738121
0.307989109306771
0.307989108557043
0.307989107253945
0.307989104989039
0.307989101052421
0.307989094210214
0.307989082317835
0.307989061647829
0.307989025721621
0.307988963279135
0.307988854750182
0.307988666122620
0.307988338288269
0.307987768536107
0.307986778418914
0.307985058002739
0.307982069269731
0.307976879134987
0.307967871957850
0.307952258091242
0.307925244265530
0.307878664333181
0.307798811145497
0.307663268620627
0.307437029308609
0.307069781968300
0.306499786119597
0.305673906152038
0.304589164635164
0.303334423917018
0.302079683198872
0.300994941681998
0.300169061714439
0.299599065865736
0.299231818525427
0.299005579213409
0.298870036688539
0.298790183500855
0.298743603568506
0.298716589742794
0.298700975876186
0.298691968699049
0.298686778564305
0.298683789831297
0.298682069415122
0.298681079297929
0.298680509545767
0.298680181711416
0.298679993083854
0.298679884554901
0.298679822112415
0.298679786186207
0.298679765516201
0.298679753623822
0.298679746781615
0.298679742844997
0.298679740580091
0.298679739276993
0.298679738527265
0.298679738095915
0.298679737847741
0.298679737704955
0.298679737622805
0.298679737575540
0.298679737548347
0.298679737532701
0.298679737523700
0.298679737518521
0.298679737515541
0.298679737513827
0.298679737512840
0.298679737512273
0.298679737511946
0.298679737511759
0.298679737511650
0.298679737511588
0.298679737511552
0.298679737511532
0.298679737511520
0.298679737511513
0.298679737511509
0.298679737511507
0.298679737511506
0.298679737511505
0.298679737511505
0.298679737511504
0.298679737511504
0.298679737511504
0.298679737511504
0.298679737511504
0.298679737511504
0.298679737511504
0.298679737511504
0.298679737511504
0.298679737511504
0.298679737511504
0.298679737511504
0.298679737511504
0.298679737511504
0.298679737511504
0.298679737511504
0.298679737511504
0.298679737511504
0.298679737511504
0.298679737511504
0.298679737511504
0.298679737511504
0.298679737511504
0.298679737511504
0.298679737511504
0.298679737511504
0.298679737511504
0.298679737511504
0.298679737511504
0.298679737511504
0.298679737511504
0.298679737511504
0.298679737511504
0.298679737511504
0.298679737511504
0.298679737511504
0.298679737511504
0.298679737511504
0.298679737511504
0.298679737511504
0.298679737511504
0.298679737511504
0.298679737511504
0.298679737511504
0.298679737511504
0.298679737511504
0.298679737511504
0.298679737511504
0.298679737511504
0.298679737511504
0.298679737511504
0.298679737511504
0.298679737511504
0.298679737511504
0.298679737511504
0.298679737511504
0.298679737511504
0.298679737511504
0.298679737511504
0.298679737511504
0.298679737511504
0.298679737511504
0.298679737511504
0.298679737511504
0.298679737511504
0.298679737511504
0.298679737511504
0.298679737511504
0.298679737511504
0.298679737511504
0.298679737511504
0.298679737511504
0.298679737511504
0.298679737511504
0.298679737511504
0.298679737511504
0.298679737511504
0.298679737511504
0.298679737511504
0.298679737511504
0.298679737511504
0.298679737511504
0.298679737511504
0.298679737511504
0.298679737511504
0.298679737511504
0.298679737511504
0.298679737511504
0.298679737511504
0.298679737511504
0.298679737511505
0.298679737511505
0.298679737511506
0.298679737511507
0.298679737511509
0.298679737511513
0.298679737511520
0.298679737511532
0.298679737511552
0.298679737511588
0.298679737511650
0.298679737511759
0.298679737511946
0.298679737512273
0.298679737512840
0.298679737513827
0.298679737515541
0.298679737518521
0.298679737523700
0.298679737532701
0.298679737548347
0.298679737575540
0.298679737622805
0.298679737704955
0.298679737847741
0.298679738095915
0.298679738527265
0.298679739276993
0.298679740580091
0.298679742844997
0.298679746781615
0.298679753623822
0.298679765516201
0.298679786186207
0.298679822112415
0.298679884554901
0.298679993083854
0.298680181711416
0.298680509545767
0.298681079297929
0.298682069415122
0.298683789831297
0.298686778564305
0.298691968699049
0.298700975876186
0.298716589742794
0.298743603568506
0.298790183500855
0.298870036688539
0.299005579213409
0.299231818525427
0.299599065865736
0.300169061714439
0.300994941681998
0.302079683198872
