0.941152239205944
0.764715546550624
0.612183471313686
0.496051486514706
0.415900917621917
0.364260044592461
0.332447164541825
0.313387709105003
0.302159068694219
0.295609182260359
0.291810604597561
0.289615044236677
0.288348490500688
0.287618674216485
0.287198410364661
0.286956492225348
0.286817265849498
0.286737149546818
0.286691050772920
0.286664526708888
0.286649265795446
0.286640485379223
0.286635433577569
0.286632527042754
0.286630854783351
0.286629892659194
0.286629339107455
0.286629020625296
0.286628837388845
0.286628731965069
0.286628671310263
0.286628636412961
0.286628616335053
0.286628604783375
0.286628598137202
0.286628594313374
0.286628592113363
0.286628590847603
0.286628590119357
0.286628589700366
0.286628589459302
0.286628589320608
0.286628589240812
0.286628589194901
0.286628589168487
0.286628589153290
0.286628589144546
0.286628589139516
0.286628589136621
0.286628589134956
0.286628589133998
0.286628589133447
0.286628589133130
0.286628589132947
0.286628589132842
0.286628589132782
0.286628589132747
0.286628589132727
0.286628589132716
0.286628589132709
0.286628589132705
0.286628589132703
0.286628589132702
0.286628589132701
0.286628589132701
0.286628589132700
0.286628589132700
0.286628589132700
0.286628589132700
0.286628589132700
0.286628589132700
0.286628589132700
0.286628589132700
0.286628589132700
0.286628589132700
0.286628589132700
0.286628589132700
0.286628589132700
0.286628589132700
0.286628589132700
0.286628589132700
0.286628589132700
0.286628589132700
0.286628589132700
0.286628589132700
0.286628589132700
0.286628589132700
0.286628589132700
0.286628589132700
0.286628589132700
0.286628589132700
0.286628589132700
0.286628589132700
0.286628589132700
0.286628589132700
0.286628589132700
0.286628589132700
0.286628589132700
0.286628589132700
0.286628589132700
0.286628589132700
0.286628589132700
0.286628589132700
0.286628589132700
0.286628589132700
0.286628589132700
0.286628589132700
0.286628589132700
0.286628589132700
0.286628589132700
0.286628589132700
0.286628589132700
0.286628589132700
0.286628589132700
0.286628589132700
0.286628589132700
0.286628589132700
0.286628589132700
0.286628589132700
0.286628589132700
0.286628589132700
0.286628589132700
0.286628589132700
0.286628589132700
0.286628589132700
0.286628589132700
0.286628589132700
0.286628589132700
0.286628589132700
0.286628589132700
0.286628589132700
0.286628589132700
0.286628589132700
0.286628589132700
0.286628589132700
0.286628589132700
0.286628589132701
0.286628589132701
0.286628589132702
0.286628589132703
0.286628589132705
0.286628589132709
0.286628589132716
0.286628589132727
0.286628589132747
0.286628589132782
0.286628589132842
0.286628589132947
0.286628589133130
0.286628589133447
0.286628589133998
0.286628589134956
0.286628589136621
0.286628589139516
0.286628589144546
0.286628589153290
0.286628589168487
0.286628589194901
0.286628589240812
0.286628589320608
0.286628589459302
0.286628589700366
0.286628590119357
0.286628590847603
0.286628592113363
0.286628594313374
0.286628598137201
0.286628604783375
0.286628616335053
0.286628636412961
0.286628671310263
0.286628731965069
0.286628837388845
0.286629020625296
0.286629339107454
0.286629892659194
0.286630854783351
0.286632527042754
0.286635433577569
0.286640485379223
0.286649265795447
0.286664526708888
0.286691050772920
0.286737149546818
0.286817265849498
0.286956492225348
0.287198410364661
0.287618674216485
0.288348490500688
0.289615044236677
0.291810604597561
0.295609182260359
0.302159068694219
0.313387709105003
0.332447164541825
0.364260044592461
0.415900917621917
0.496051486514706
0.612183471313686
0.764715546550624
0.941152239205944
1.117588931861264
1.270121007098203
1.386252991897183
1.466403560789972
1.518044433819428
1.549857313870064
1.568916769306886
1.580145409717670
1.586695296151530
1.590493873814327
1.592689434175212
1.593955987911201
1.594685804195404
1.595106068047228
1.595347986186542
1.595487212562391
1.595567328865071
1.595613427638969
1.595639951703001
1.595655212616442
1.595663993032665
1.595669044834320
1.595671951369135
1.595673623628538
1.595674585752695
1.595675139304434
1.595675457786592
1.595675641023044
1.595675746446819
1.595675807101626
1.595675841998927
1.595675862076836
1.595675873628514
1.595675880274687
1.595675884098515
1.595675886298526
1.595675887564286
1.595675888292532
1.595675888711523
1.595675888952587
1.595675889091281
1.595675889171077
1.595675889216988
1.595675889243402
1.595675889258599
1.595675889267343
1.595675889272373
1.595675889275268
1.595675889276933
1.595675889277891
1.595675889278442
1.595675889278759
1.595675889278942
1.595675889279047
1.595675889279107
1.595675889279142
1.595675889279162
1.595675889279173
1.595675889279180
1.595675889279184
1.595675889279186
1.595675889279187
1.595675889279188
1.595675889279188
1.595675889279188
1.595675889279188
1.595675889279189
1.595675889279189
1.595675889279189
1.595675889279189
1.595675889279189
1.595675889279189
1.595675889279189
1.595675889279189
1.595675889279189
1.595675889279189
1.595675889279189
1.595675889279189
1.595675889279189
1.595675889279189
1.595675889279189
1.595675889279189
1.595675889279189
1.595675889279189
1.595675889279189
1.595675889279189
1.595675889279189
1.595675889279189
1.595675889279189
1.595675889279189
1.595675889279189
1.595675889279189
1.595675889279189
1.595675889279189
1.595675889279189
1.595675889279189
1.595675889279189
1.595675889279189
1.595675889279189
1.595675889279189
1.595675889279189
1.595675889279189
1.595675889279189
1.595675889279189
1.595675889279189
1.595675889279189
1.595675889279189
1.595675889279189
1.595675889279189
1.595675889279189
1.595675889279189
1.595675889279189
1.595675889279189
1.595675889279189
1.595675889279189
1.595675889279189
1.595675889279189
1.595675889279189
1.595675889279189
1.595675889279189
1.595675889279189
1.595675889279189
1.595675889279189
1.595675889279189
1.595675889279189
1.595675889279189
1.595675889279189
1.595675889279189
1.595675889279189
1.595675889279189
1.595675889279189
1.595675889279189
1.595675889279189
1.595675889279189
1.595675889279188
1.595675889279188
1.595675889279188
1.595675889279188
1.595675889279187
1.595675889279186
1.595675889279184
1.595675889279180
1.595675889279173
1.595675889279162
1.595675889279142
1.595675889279107
1.595675889279047
1.595675889278942
1.595675889278759
1.595675889278442
1.595675889277891
1.595675889276933
1.595675889275268
1.595675889272373
1.595675889267343
1.595675889258599
1.595675889243402
1.595675889216988
1.595675889171077
1.595675889091281
1.595675888952587
1.595675888711523
1.595675888292532
1.595675887564286
1.595675886298526
1.595675884098515
1.595675880274687
1.595675873628514
1.595675862076836
1.595675841998927
1.595675807101626
1.595675746446819
1.595675641023044
1.595675457786592
1.595675139304434
1.595674585752695
1.595673623628538
1.595671951369135
1.595669044834320
1.595663993032665
1.595655212616442
1.595639951703001
1.595613427638969
1.595567328865071
1.595487212562391
1.595347986186542
1.595106068047228
1.594685804195404
1.593955987911201
1.592689434175212
1.590493873814327
1.586695296151530
1.580145409717670
1.568916769306886
1.549857313870064
1.518044433819428
1.466403560789972
1.386252991897183
1.270121007098203
1.117588931861264
