0.296678095070553
0.297926318077327
0.298971328273974
0.299723718630046
0.300208593105083
0.300499122119071
0.300665664507829
0.300758718658556
0.300809968909992
0.300837971777323
0.300853205936625
0.300861474022573
0.300865955615703
0.300868383101829
0.300869697469530
0.300870408991117
0.300870794124483
0.300871002577485
0.300871115398774
0.300871176460114
0.300871209507527
0.300871227393245
0.300871237073216
0.300871242312128
0.300871245147486
0.300871246682012
0.300871247512514
0.300871247961990
0.300871248205252
0.300871248336908
0.300871248408161
0.300871248446724
0.300871248467595
0.300871248478890
0.300871248485004
0.300871248488312
0.300871248490103
0.300871248491072
0.300871248491596
0.300871248491880
0.300871248492034
0.300871248492117
0.300871248492162
0.300871248492186
0.300871248492199
0.300871248492207
0.300871248492210
0.300871248492213
0.300871248492214
0.300871248492214
0.300871248492215
0.300871248492215
0.300871248492215
0.300871248492215
0.300871248492215
0.300871248492215
0.300871248492215
0.300871248492215
0.300871248492215
0.300871248492215
0.300871248492215
0.300871248492215
0.300871248492215
0.300871248492215
0.300871248492215
0.300871248492215
0.300871248492215
0.300871248492215
0.300871248492215
0.300871248492215
0.300871248492215
0.300871248492215
0.300871248492215
0.300871248492215
0.300871248492215
0.300871248492215
0.300871248492215
0.300871248492215
0.300871248492215
0.300871248492215
0.300871248492215
0.300871248492215
0.300871248492215
0.300871248492215
0.300871248492215
0.300871248492215
0.300871248492215
0.300871248492215
0.300871248492215
0.300871248492215
0.300871248492215
0.300871248492215
0.300871248492215
0.300871248492215
0.300871248492215
0.300871248492215
0.300871248492215
0.300871248492215
0.300871248492215
0.300871248492215
0.300871248492215
0.300871248492215
0.300871248492215
0.300871248492215
0.300871248492215
0.300871248492215
0.300871248492215
0.300871248492215
0.300871248492215
0.300871248492215
0.300871248492215
0.300871248492215
0.300871248492215
0.300871248492215
0.300871248492215
0.300871248492215
0.300871248492215
0.300871248492215
0.300871248492215
0.300871248492215
0.300871248492215
0.300871248492215
0.300871248492215
0.300871248492215
0.300871248492215
0.300871248492215
0.300871248492215
0.300871248492215
0.300871248492215
0.300871248492215
0.300871248492215
0.300871248492215
0.300871248492215
0.300871248492215
0.300871248492215
0.300871248492215
0.300871248492215
0.300871248492215
0.300871248492215
0.300871248492215
0.300871248492215
0.300871248492215
0.300871248492215
0.300871248492215
0.300871248492215
0.300871248492215
0.300871248492215
0.300871248492215
0.300871248492215
0.300871248492215
0.300871248492215
0.300871248492214
0.300871248492214
0.300871248492213
0.300871248492210
0.300871248492207
0.300871248492199
0.300871248492186
0.300871248492162
0.300871248492117
0.300871248492034
0.300871248491880
0.300871248491596
0.300871248491072
0.300871248490103
0.300871248488312
0.300871248485004
0.300871248478890
0.300871248467595
0.300871248446724
0.300871248408161
0.300871248336908
0.300871248205252
0.300871247961990
0.300871247512514
0.300871246682012
0.300871245147486
0.300871242312128
0.300871237073216
0.300871227393245
0.300871209507527
0.300871176460114
0.300871115398774
0.300871002577485
0.300870794124483
0.300870408991117
0.300869697469530
0.300868383101829
0.300865955615703
0.300861474022573
0.300853205936625
0.300837971777323
0.300809968909992
0.300758718658556
0.300665664507829
0.300499122119071
0.300208593105083
0.299723718630046
0.298971328273974
0.297926318077327
0.296678095070553
0.295429872063778
0.294384861867131
0.293632471511059
0.293147597036022
0.292857068022034
0.292690525633276
0.292597471482549
0.292546221231113
0.292518218363782
0.292502984204480
0.292494716118532
0.292490234525402
0.292487807039276
0.292486492671575
0.292485781149988
0.292485396016622
0.292485187563620
0.292485074742331
0.292485013680991
0.292484980633578
0.292484962747860
0.292484953067889
0.292484947828977
0.292484944993619
0.292484943459093
0.292484942628591
0.292484942179115
0.292484941935853
0.292484941804197
0.292484941732944
0.292484941694381
0.292484941673510
0.292484941662215
0.292484941656102
0.292484941652793
0.292484941651002
0.292484941650033
0.292484941649509
0.292484941649225
0.292484941649071
0.292484941648988
0.292484941648943
0.292484941648919
0.292484941648906
0.292484941648898
0.292484941648895
0.292484941648892
0.292484941648891
0.292484941648891
0.292484941648890
0.292484941648890
0.292484941648890
0.292484941648890
0.292484941648890
0.292484941648890
0.292484941648890
0.292484941648890
0.292484941648890
0.292484941648890
0.292484941648890
0.292484941648890
0.292484941648890
0.292484941648890
0.292484941648890
0.292484941648890
0.292484941648890
0.292484941648890
0.292484941648890
0.292484941648890
0.292484941648890
0.292484941648890
0.292484941648890
0.292484941648890
0.292484941648890
0.292484941648890
0.292484941648890
0.292484941648890
0.292484941648890
0.292484941648890
0.292484941648890
0.292484941648890
0.292484941648890
0.292484941648890
0.292484941648890
0.292484941648890
0.292484941648890
0.292484941648890
0.292484941648890
0.292484941648890
0.292484941648890
0.292484941648890
0.292484941648890
0.292484941648890
0.292484941648890
0.292484941648890
0.292484941648890
0.292484941648890
0.292484941648890
0.292484941648890
0.292484941648890
0.292484941648890
0.292484941648890
0.292484941648890
0.292484941648890
0.292484941648890
0.292484941648890
0.292484941648890
0.292484941648890
0.292484941648890
0.292484941648890
0.292484941648890
0.292484941648890
0.292484941648890
0.292484941648890
0.292484941648890
0.292484941648890
0.292484941648890
0.292484941648890
0.292484941648890
0.292484941648890
0.292484941648890
0.292484941648890
0.292484941648890
0.292484941648890
0.292484941648890
0.292484941648890
0.292484941648890
0.292484941648890
0.292484941648890
0.292484941648890
0.292484941648890
0.292484941648890
0.292484941648890
0.292484941648890
0.292484941648890
0.292484941648890
0.292484941648890
0.292484941648890
0.292484941648890
0.292484941648890
0.292484941648890
0.292484941648890
0.292484941648890
0.292484941648890
0.292484941648890
0.292484941648890
0.292484941648890
0.292484941648890
0.292484941648890
0.292484941648890
0.292484941648890
0.292484941648891
0.292484941648891
0.292484941648892
0.292484941648894
0.292484941648898
0.292484941648906
0.292484941648919
0.292484941648943
0.292484941648988
0.292484941649071
0.292484941649225
0.292484941649509
0.292484941650033
0.292484941651002
0.292484941652793
0.292484941656102
0.292484941662215
0.292484941673510
0.292484941694381
0.292484941732944
0.292484941804197
0.292484941935853
0.292484942179115
0.292484942628591
0.292484943459093
0.292484944993619
0.292484947828977
0.292484953067889
0.292484962747860
0.292484980633578
0.292485013680991
0.292485074742331
0.292485187563620
0.292485396016622
0.292485781149988
0.292486492671575
0.292487807039276
0.292490234525402
0.292494716118532
0.292502984204480
0.292518218363782
0.292546221231113
0.292597471482549
0.292690525633276
0.292857068022034
0.293147597036022
0.293632471511059
0.294384861867131
0.295429872063778
