0.351791517401905
0.357458307019803
0.361130694249637
0.362891050595665
0.363613068271239
0.363890041712892
0.363993544223125
0.364031842302493
0.364045961565372
0.364051159846876
0.364053072742444
0.364053776532488
0.364054035452539
0.364054130705279
0.364054165746990
0.364054178638140
0.364054183380532
0.364054185125161
0.364054185766975
0.364054186003085
0.364054186089944
0.364054186121899
0.364054186133654
0.364054186137978
0.364054186139569
0.364054186140154
0.364054186140370
0.364054186140449
0.364054186140478
0.364054186140489
0.364054186140493
0.364054186140494
0.364054186140495
0.364054186140495
0.364054186140495
0.364054186140495
0.364054186140495
0.364054186140495
0.364054186140495
0.364054186140495
0.364054186140495
0.364054186140495
0.364054186140495
0.364054186140495
0.364054186140495
0.364054186140495
0.364054186140495
0.364054186140495
0.364054186140495
0.364054186140495
0.364054186140495
0.364054186140495
0.364054186140495
0.364054186140495
0.364054186140495
0.364054186140495
0.364054186140495
0.364054186140495
0.364054186140495
0.364054186140495
0.364054186140495
0.364054186140495
0.364054186140495
0.364054186140495
0.364054186140495
0.364054186140495
0.364054186140495
0.364054186140495
0.364054186140495
0.364054186140495
0.364054186140495
0.364054186140495
0.364054186140495
0.364054186140495
0.364054186140495
0.364054186140495
0.364054186140495
0.364054186140495
0.364054186140495
0.364054186140495
0.364054186140495
0.364054186140495
0.364054186140495
0.364054186140495
0.364054186140495
0.364054186140495
0.364054186140495
0.364054186140495
0.364054186140495
0.364054186140495
0.364054186140495
0.364054186140495
0.364054186140495
0.364054186140495
0.364054186140495
0.364054186140495
0.364054186140495
0.364054186140495
0.364054186140495
0.364054186140495
0.364054186140495
0.364054186140495
0.364054186140495
0.364054186140495
0.364054186140495
0.364054186140495
0.364054186140495
0.364054186140495
0.364054186140495
0.364054186140495
0.364054186140495
0.364054186140495
0.364054186140495
0.364054186140495
0.364054186140495
0.364054186140495
0.364054186140495
0.364054186140495
0.364054186140495
0.364054186140495
0.364054186140495
0.364054186140495
0.364054186140495
0.364054186140495
0.364054186140495
0.364054186140495
0.364054186140495
0.364054186140495
0.364054186140495
0.364054186140495
0.364054186140495
0.364054186140495
0.364054186140495
0.364054186140495
0.364054186140495
0.364054186140495
0.364054186140495
0.364054186140495
0.364054186140495
0.364054186140495
0.364054186140495
0.364054186140495
0.364054186140495
0.364054186140495
0.364054186140495
0.364054186140495
0.364054186140495
0.364054186140495
0.364054186140495
0.364054186140495
0.364054186140495
0.364054186140495
0.364054186140495
0.364054186140495
0.364054186140495
0.364054186140495
0.364054186140495
0.364054186140495
0.364054186140495
0.364054186140495
0.364054186140495
0.364054186140495
0.364054186140495
0.364054186140495
0.364054186140495
0.364054186140495
0.364054186140495
0.364054186140495
0.364054186140495
0.364054186140494
0.364054186140493
0.364054186140489
0.364054186140478
0.364054186140449
0.364054186140370
0.364054186140154
0.364054186139569
0.364054186137978
0.364054186133654
0.364054186121898
0.364054186089944
0.364054186003085
0.364054185766975
0.364054185125161
0.364054183380532
0.364054178638140
0.364054165746990
0.364054130705279
0.364054035452539
0.364053776532488
0.364053072742444
0.364051159846876
0.364045961565372
0.364031842302493
0.363993544223125
0.363890041712892
0.363613068271239
0.362891050595665
0.361130694249637
0.357458307019803
0.351791517401905
0.346124727784007
0.342452340554173
0.340691984208145
0.339969966532571
0.339692993090918
0.339589490580685
0.339551192501317
0.339537073238438
0.339531874956934
0.339529962061366
0.339529258271322
0.339528999351271
0.339528904098531
0.339528869056821
0.339528856165670
0.339528851423278
0.339528849678649
0.339528849036835
0.339528848800725
0.339528848713866
0.339528848681911
0.339528848670156
0.339528848665832
0.339528848664241
0.339528848663656
0.339528848663440
0.339528848663361
0.339528848663332
0.339528848663321
0.339528848663317
0.339528848663316
0.339528848663315
0.339528848663315
0.339528848663315
0.339528848663315
0.339528848663315
0.339528848663315
0.339528848663315
0.339528848663315
0.339528848663315
0.339528848663315
0.339528848663315
0.339528848663315
0.339528848663315
0.339528848663315
0.339528848663315
0.339528848663315
0.339528848663315
0.339528848663315
0.339528848663315
0.339528848663315
0.339528848663315
0.339528848663315
0.339528848663315
0.339528848663315
0.339528848663315
0.339528848663315
0.339528848663315
0.339528848663315
0.339528848663315
0.339528848663315
0.339528848663315
0.339528848663315
0.339528848663315
0.339528848663315
0.339528848663315
0.339528848663315
0.339528848663315
0.339528848663315
0.339528848663315
0.339528848663315
0.339528848663315
0.339528848663315
0.339528848663315
0.339528848663315
0.339528848663315
0.339528848663315
0.339528848663315
0.339528848663315
0.339528848663315
0.339528848663315
0.339528848663315
0.339528848663315
0.339528848663315
0.339528848663315
0.339528848663315
0.339528848663315
0.339528848663315
0.339528848663315
0.339528848663315
0.339528848663315
0.339528848663315
0.339528848663315
0.339528848663315
0.339528848663315
0.339528848663315
0.339528848663315
0.339528848663315
0.339528848663315
0.339528848663315
0.339528848663315
0.339528848663315
0.339528848663315
0.339528848663315
0.339528848663315
0.339528848663315
0.339528848663315
0.339528848663315
0.339528848663315
0.339528848663315
0.339528848663315
0.339528848663315
0.339528848663315
0.339528848663315
0.339528848663315
0.339528848663315
0.339528848663315
0.339528848663315
0.339528848663315
0.339528848663315
0.339528848663315
0.339528848663315
0.339528848663315
0.339528848663315
0.339528848663315
0.339528848663315
0.339528848663315
0.339528848663315
0.339528848663315
0.339528848663315
0.339528848663315
0.339528848663315
0.339528848663315
0.339528848663315
0.339528848663315
0.339528848663315
0.339528848663315
0.339528848663315
0.339528848663315
0.339528848663315
0.339528848663315
0.339528848663315
0.339528848663315
0.339528848663315
0.339528848663315
0.339528848663315
0.339528848663315
0.339528848663315
0.339528848663315
0.339528848663315
0.339528848663315
0.339528848663315
0.339528848663315
0.339528848663315
0.339528848663315
0.339528848663315
0.339528848663315
0.339528848663315
0.339528848663315
0.339528848663315
0.339528848663315
0.339528848663315
0.339528848663315
0.339528848663315
0.339528848663315
0.339528848663315
0.339528848663315
0.339528848663315
0.339528848663315
0.339528848663316
0.339528848663317
0.339528848663321
0.339528848663332
0.339528848663361
0.339528848663440
0.339528848663656
0.339528848664241
0.339528848665832
0.339528848670156
0.339528848681911
0.339528848713865
0.339528848800725
0.339528849036835
0.339528849678649
0.339528851423278
0.339528856165670
0.339528869056821
0.339528904098531
0.339528999351271
0.339529258271322
0.339529962061366
0.339531874956934
0.339537073238438
0.339551192501317
0.339589490580685
0.339692993090918
0.339969966532571
0.340691984208145
0.342452340554173
0.346124727784007
