0.701871659367560
0.680725444582285
0.608621822852901
0.511075267228547
0.420383303219734
0.356995856656206
0.320850573747645
0.302600960235325
0.293954172182331
0.289981582095081
0.288181981359407
0.287372334090318
0.287008809788786
0.286846109245999
0.286773004668523
0.286740473410112
0.286725667704148
0.286719242017313
0.286716121291156
0.286714929068700
0.286714149152443
0.286714007394941
0.286713695867029
0.286713766376969
0.286713548092205
0.286713662902271
0.286713462731419
0.286713588169210
0.286713391097544
0.286713520398908
0.286713323456866
0.286713455248775
0.286713257880282
0.286713391869439
0.286713194001993
0.286713330110961
0.286713131768928
0.286713269963043
0.286713071190161
0.286713211442846
0.286713012286685
0.286713154572509
0.286712955081353
0.286713099374636
0.286712899596843
0.286713045871384
0.286712845855248
0.286712994084275
0.286712793877990
0.286712944034148
0.286712743685790
0.286712895741144
0.286712695298660
0.286712849224700
0.286712648735892
0.286712804503536
0.286712604016049
0.286712761595651
0.286712561156965
0.286712720518314
0.286712520175728
0.286712681288058
0.286712481088679
0.286712643920672
0.286712443911403
0.286712608431194
0.286712408658725
0.286712574833908
0.286712375344702
0.286712543142336
0.286712343982619
0.286712513369234
0.286712314584982
0.286712485526584
0.286712287163514
0.286712459625593
0.286712261729151
0.286712435676686
0.286712238292035
0.286712413689502
0.286712216861513
0.286712393672890
0.286712197446131
0.286712375634906
0.286712180053632
0.286712359582811
0.286712164690951
0.286712345523065
0.286712151364215
0.286712333461328
0.286712140078740
0.286712323402454
0.286712130839026
0.286712315350493
0.286712123648757
0.286712309308684
0.286712118510802
0.286712305279461
0.286712115427209
0.286712303264443
0.286712114399207
0.286712303264443
0.286712115427208
0.286712305279461
0.286712118510801
0.286712309308684
0.286712123648757
0.286712315350493
0.286712130839026
0.286712323402454
0.286712140078740
0.286712333461328
0.286712151364215
0.286712345523065
0.286712164690951
0.286712359582811
0.286712180053631
0.286712375634906
0.286712197446131
0.286712393672890
0.286712216861513
0.286712413689502
0.286712238292035
0.286712435676686
0.286712261729150
0.286712459625593
0.286712287163514
0.286712485526584
0.286712314584981
0.286712513369233
0.286712343982618
0.286712543142336
0.286712375344701
0.286712574833907
0.286712408658724
0.286712608431193
0.286712443911403
0.286712643920671
0.286712481088679
0.286712681288058
0.286712520175728
0.286712720518314
0.286712561156965
0.286712761595650
0.286712604016049
0.286712804503535
0.286712648735891
0.286712849224699
0.286712695298660
0.286712895741143
0.286712743685790
0.286712944034147
0.286712793877990
0.286712994084274
0.286712845855248
0.286713045871383
0.286712899596843
0.286713099374635
0.286712955081354
0.286713154572508
0.286713012286686
0.286713211442845
0.286713071190161
0.286713269963042
0.286713131768929
0.286713330110960
0.286713194001993
0.286713391869437
0.286713257880283
0.286713455248773
0.286713323456867
0.286713520398906
0.286713391097544
0.286713588169208
0.286713462731420
0.286713662902269
0.286713548092206
0.286713766376967
0.286713695867031
0.286714007394939
0.286714149152445
0.286714929068699
0.286716121291160
0.286719242017318
0.286725667704165
0.286740473410143
0.286773004668599
0.286846109246161
0.287008809789154
0.287372334091132
0.288181981361224
0.289981582099105
0.293954172191184
0.302600960254397
0.320850573787075
0.356995856731033
0.420383303341012
0.511075267381683
0.608621822991970
0.680725444659106
0.701871659353102
0.661335075122369
0.569939010513080
0.463956802267667
0.380772772319060
0.330445906473476
0.304116401384754
0.291265316332549
0.285180964614704
0.282338375191732
0.281017848636859
0.280406605109050
0.280124049259972
0.279994180020665
0.279934573296383
0.279907893621404
0.279896038842592
0.279891446947833
0.279889812807648
0.279889942528850
0.279890493630483
0.279891626530839
0.279892641765412
0.279893980686193
0.279895090448420
0.279896463493567
0.279897587454192
0.279898956565963
0.279900076321195
0.279901432100109
0.279902542511996
0.279903881705861
0.279904980488706
0.279906301175855
0.279907386668765
0.279908687228569
0.279909757920166
0.279911036814166
0.279912091242337
0.279913346968881
0.279914383700773
0.279915614786763
0.279916632415939
0.279917837416498
0.279918834563741
0.279920012063552
0.279920987378416
0.279922135993386
0.279923088155888
0.279924206534856
0.279925134257159
0.279926221083576
0.279927123111644
0.279928177105222
0.279929052220426
0.279930072138734
0.279930919159426
0.279931903799450
0.279932721582478
0.279933669782122
0.279934457224301
0.279935367863845
0.279936123903382
0.279936995906886
0.279937719524740
0.279938551861393
0.279939242082594
0.279940033768006
0.279940689662907
0.279941439760349
0.279942060445826
0.279942768067400
0.279943352707990
0.279944017015751
0.279944564824729
0.279945185031733
0.279945695272128
0.279946270643428
0.279946742628973
0.279947272482536
0.279947705578553
0.279948189286123
0.279948582910345
0.279949019898232
0.279949373521551
0.279949763271352
0.279950076418505
0.279950418467764
0.279950690717946
0.279950984660726
0.279951215648133
0.279951461135536
0.279951650549838
0.279951847290441
0.279951994877183
0.279952142637404
0.279952248198336
0.279952346802731
0.279952410196061
0.279952459527545
0.279952480668124
0.279952480668118
0.279952459527551
0.279952410196054
0.279952346802738
0.279952248198329
0.279952142637411
0.279951994877177
0.279951847290447
0.279951650549832
0.279951461135543
0.279951215648126
0.279950984660733
0.279950690717939
0.279950418467771
0.279950076418499
0.279949763271359
0.279949373521544
0.279949019898238
0.279948582910339
0.279948189286130
0.279947705578547
0.279947272482542
0.279946742628967
0.279946270643435
0.279945695272122
0.279945185031739
0.279944564824722
0.279944017015757
0.279943352707983
0.279942768067406
0.279942060445819
0.279941439760355
0.279940689662901
0.279940033768012
0.279939242082587
0.279938551861398
0.279937719524733
0.279936995906891
0.279936123903375
0.279935367863851
0.279934457224294
0.279933669782127
0.279932721582471
0.279931903799456
0.279930919159419
0.279930072138740
0.279929052220419
0.279928177105227
0.279927123111636
0.279926221083582
0.279925134257152
0.279924206534861
0.279923088155881
0.279922135993391
0.279920987378409
0.279920012063556
0.279918834563734
0.279917837416503
0.279916632415932
0.279915614786767
0.279914383700765
0.279913346968885
0.279912091242329
0.279911036814170
0.279909757920158
0.279908687228572
0.279907386668757
0.279906301175858
0.279904980488698
0.279903881705863
0.279902542511988
0.279901432100111
0.279900076321187
0.279898956565965
0.279897587454183
0.279896463493570
0.279895090448412
0.279893980686196
0.279892641765403
0.279891626530842
0.279890493630475
0.279889942528855
0.279889812807642
0.279891446947842
0.279896038842598
0.279907893621436
0.279934573296437
0.279994180020803
0.280124049260255
0.280406605109682
0.281017848638208
0.282338375194657
0.285180964620973
0.291265316345930
0.304116401412734
0.330445906529575
0.380772772421090
0.463956802420264
0.569939010676994
0.661335075230522
