0.352228902743477
0.300713789656960
0.277856566509969
0.269435527126272
0.269634018558711
0.278592724022065
0.302364134672468
0.353164115201660
0.439726115374823
0.531669069278786
0.554158230079305
0.485660366363115
0.390281981062331
0.323029852921000
0.288442114568727
0.273083020876487
0.266672157388937
0.264064866742267
0.263008342169682
0.262582382263443
0.262403922786170
0.262329702690083
0.262291968598219
0.262273970356878
0.262258805840826
0.262249816303729
0.262238381429291
0.262230872666158
0.262220176918822
0.262212951406765
0.262202531000385
0.262195401109997
0.262185194437751
0.262178134029619
0.262168142927342
0.262161152047072
0.262151387798694
0.262144471071478
0.262134945814410
0.262128108968534
0.262118834337584
0.262112083618940
0.262103070544169
0.262096412592241
0.262087671280595
0.262081113078595
0.262072653024604
0.262066201862044
0.262058031862904
0.262051695300792
0.262043823471879
0.262037609309008
0.262030043099187
0.262023959339300
0.262016705545910
0.262010760365732
0.262003825149236
0.261998026867376
0.261991415765680
0.261985772812424
0.261979490754849
0.261974011642867
0.261968062963804
0.261962756259755
0.261957144711995
0.261952019009067
0.261946747776833
0.261941811668178
0.261936883379882
0.261932145432974
0.261927562173695
0.261923030905594
0.261918794229334
0.261914478082833
0.261910589024548
0.261906496345208
0.261902955432663
0.261899094446703
0.261895901712173
0.261892280505203
0.261889435497045
0.261886061993622
0.261883563787772
0.261880445731741
0.261878292943153
0.261875437878758
0.261873628672836
0.261871043926567
0.261869576030615
0.261867268693757
0.261866139408500
0.261864116320357
0.261863322531569
0.261861590263315
0.261861128453589
0.261859693292725
0.261859559553438
0.261858427488809
0.261858617532309
0.261857794239643
0.261858303411721
0.261857794239643
0.261858617532310
0.261858427488809
0.261859559553438
0.261859693292725
0.261861128453590
0.261861590263315
0.261863322531571
0.261864116320357
0.261866139408503
0.261867268693757
0.261869576030617
0.261871043926567
0.261873628672839
0.261875437878758
0.261878292943157
0.261880445731740
0.261883563787776
0.261886061993621
0.261889435497049
0.261892280505202
0.261895901712177
0.261899094446702
0.261902955432669
0.261906496345207
0.261910589024553
0.261914478082832
0.261918794229340
0.261923030905593
0.261927562173701
0.261932145432974
0.261936883379889
0.261941811668178
0.261946747776840
0.261952019009066
0.261957144712002
0.261962756259755
0.261968062963811
0.261974011642866
0.261979490754857
0.261985772812423
0.261991415765688
0.261998026867376
0.262003825149245
0.262010760365731
0.262016705545919
0.262023959339300
0.262030043099196
0.262037609309008
0.262043823471889
0.262051695300792
0.262058031862914
0.262066201862044
0.262072653024614
0.262081113078595
0.262087671280606
0.262096412592241
0.262103070544181
0.262112083618940
0.262118834337595
0.262128108968534
0.262134945814421
0.262144471071478
0.262151387798705
0.262161152047072
0.262168142927354
0.262178134029618
0.262185194437763
0.262195401109996
0.262202531000397
0.262212951406765
0.262220176918834
0.262230872666159
0.262238381429304
0.262249816303731
0.262258805840841
0.262273970356884
0.262291968598245
0.262329702690116
0.262403922786263
0.262582382263644
0.263008342170195
0.264064866743515
0.266672157392042
0.273083020884042
0.288442114586528
0.323029852959289
0.390281981129289
0.485660366437673
0.554158230101722
0.531669069224568
0.439726115296832
0.353164115147793
0.302364134645207
0.278592724010487
0.269634018555500
0.269435527129159
0.277856566520962
0.300713789683531
0.352228902800622
0.455969950271040
0.635546142756707
0.892169709466210
1.176518432345900
1.403167943939403
1.538584818499743
1.606073369374922
1.636512347137545
1.649333413040368
1.654272587017280
1.655756917834902
1.655749863150819
1.655089232909618
1.654149554436688
1.653081073446700
1.651959089771793
1.650807106135621
1.649643526137290
1.648469356858176
1.647291241930665
1.646107018197420
1.644920106118051
1.643728712890658
1.642534737961574
1.641337344879772
1.640137322352910
1.638934821250845
1.637729679711464
1.636522964987265
1.635313672597947
1.634103699683008
1.632891292951709
1.631679093905804
1.630464687603699
1.629251378448528
1.628036171943545
1.626822958472791
1.625608241445362
1.624396424803725
1.623183582889155
1.621974565127803
1.620765085536973
1.619560375122771
1.618355852179266
1.617157069372854
1.615959209864564
1.614768091851501
1.613578720067220
1.612397125699693
1.611218187994284
1.610048101973083
1.608881670675977
1.607725206972734
1.606573483424069
1.605432887712652
1.604298204179911
1.603175855014406
1.602060675211316
1.600959083657732
1.599866001558176
1.598787808959818
1.597719545574971
1.596667519110198
1.595626916879802
1.594603942558482
1.593593957000785
1.592603029746204
1.591626718019294
1.590670928499388
1.589731434553846
1.588813952463839
1.587914488516822
1.587038542078427
1.586182366216204
1.585351217749956
1.584541607572217
1.583758525120869
1.582998747476685
1.582266972608970
1.581560249639701
1.580882961742122
1.580232433636389
1.579612711199933
1.579021396272035
1.578462175891083
1.577932928805465
1.577436962814496
1.576972431980256
1.576542245844089
1.576144831177961
1.575782681905457
1.575454494291266
1.575162331242960
1.574905155083010
1.574684584574234
1.574499844820104
1.574352099871762
1.574240834829850
1.574166751284007
1.574129592314093
1.574129592314088
1.574166751284067
1.574240834829902
1.574352099871881
1.574499844820215
1.574684584574411
1.574905155083177
1.575162331243193
1.575454494291489
1.575782681905744
1.576144831178238
1.576542245844428
1.576972431980586
1.577436962814889
1.577932928805846
1.578462175891522
1.579021396272465
1.579612711200421
1.580232433636866
1.580882961742656
1.581560249640223
1.582266972609547
1.582998747477248
1.583758525121486
1.584541607572819
1.585351217750613
1.586182366216844
1.587038542079120
1.587914488517499
1.588813952464566
1.589731434554557
1.590670928500147
1.591626718020036
1.592603029746991
1.593593957001555
1.594603942559296
1.595626916880598
1.596667519111036
1.597719545575789
1.598787808960679
1.599866001559014
1.600959083658612
1.602060675212176
1.603175855015305
1.604298204180790
1.605432887713565
1.606573483424961
1.607725206973660
1.608881670676879
1.610048101974022
1.611218187995197
1.612397125700640
1.613578720068143
1.614768091852456
1.615959209865494
1.617157069373814
1.618355852180203
1.619560375123734
1.620765085537916
1.621974565128770
1.623183582890101
1.624396424804692
1.625608241446309
1.626822958473758
1.628036171944494
1.629251378449497
1.630464687604645
1.631679093906774
1.632891292952654
1.634103699683974
1.635313672598889
1.636522964988229
1.637729679712403
1.638934821251803
1.640137322353847
1.641337344880724
1.642534737962507
1.643728712891603
1.644920106118980
1.646107018198359
1.647291241931587
1.648469356859105
1.649643526138204
1.650807106136535
1.651959089772683
1.653081073447568
1.654149554437484
1.655089232910276
1.655749863151148
1.655756917834485
1.654272587015133
1.649333413034252
1.636512347122404
1.606073369339993
1.538584818424938
1.403167943798634
1.176518432136467
0.892169709244044
0.635546142583887
0.455969950162575
