0.944504528235966
0.747482179462892
0.582535401268922
0.463776402001247
0.387242715782141
0.341384957663592
0.315097529515550
0.300409651436275
0.292320195579120
0.287900159524692
0.285495565288722
0.284190511861188
0.283483127043084
0.283099967130410
0.282892504353191
0.282780196173049
0.282719405849526
0.282686503155209
0.282668695187183
0.282659057126895
0.282653840848299
0.282651017726063
0.282649489817459
0.282648662895708
0.282648215356489
0.282647973143408
0.282647842055093
0.282647771108701
0.282647732711761
0.282647711930930
0.282647700684125
0.282647694597235
0.282647691302945
0.282647689520041
0.282647688555115
0.282647688032886
0.282647687750251
0.282647687597285
0.282647687514499
0.282647687469694
0.282647687445445
0.282647687432321
0.282647687425219
0.282647687421375
0.282647687419294
0.282647687418168
0.282647687417559
0.282647687417229
0.282647687417051
0.282647687416954
0.282647687416902
0.282647687416873
0.282647687416858
0.282647687416850
0.282647687416845
0.282647687416843
0.282647687416841
0.282647687416841
0.282647687416840
0.282647687416840
0.282647687416840
0.282647687416840
0.282647687416840
0.282647687416840
0.282647687416840
0.282647687416840
0.282647687416840
0.282647687416840
0.282647687416840
0.282647687416840
0.282647687416840
0.282647687416840
0.282647687416840
0.282647687416840
0.282647687416840
0.282647687416840
0.282647687416840
0.282647687416840
0.282647687416840
0.282647687416840
0.282647687416840
0.282647687416840
0.282647687416840
0.282647687416840
0.282647687416840
0.282647687416840
0.282647687416840
0.282647687416840
0.282647687416840
0.282647687416840
0.282647687416840
0.282647687416840
0.282647687416840
0.282647687416840
0.282647687416840
0.282647687416840
0.282647687416840
0.282647687416840
0.282647687416840
0.282647687416840
0.282647687416840
0.282647687416840
0.282647687416840
0.282647687416840
0.282647687416840
0.282647687416840
0.282647687416840
0.282647687416840
0.282647687416840
0.282647687416840
0.282647687416840
0.282647687416840
0.282647687416840
0.282647687416840
0.282647687416840
0.282647687416840
0.282647687416840
0.282647687416840
0.282647687416840
0.282647687416840
0.282647687416840
0.282647687416840
0.282647687416840
0.282647687416840
0.282647687416840
0.282647687416840
0.282647687416840
0.282647687416840
0.282647687416840
0.282647687416840
0.282647687416840
0.282647687416840
0.282647687416840
0.282647687416840
0.282647687416840
0.282647687416840
0.282647687416840
0.282647687416840
0.282647687416840
0.282647687416840
0.282647687416840
0.282647687416840
0.282647687416840
0.282647687416841
0.282647687416842
0.282647687416843
0.282647687416845
0.282647687416850
0.282647687416858
0.282647687416873
0.282647687416902
0.282647687416954
0.282647687417051
0.282647687417229
0.282647687417559
0.282647687418168
0.282647687419294
0.282647687421375
0.282647687425219
0.282647687432321
0.282647687445445
0.282647687469694
0.282647687514499
0.282647687597285
0.282647687750251
0.282647688032886
0.282647688555115
0.282647689520041
0.282647691302945
0.282647694597235
0.282647700684125
0.282647711930930
0.282647732711761
0.282647771108701
0.282647842055093
0.282647973143408
0.282648215356488
0.282648662895708
0.282649489817459
0.282651017726063
0.282653840848299
0.282659057126895
0.282668695187183
0.282686503155209
0.282719405849526
0.282780196173049
0.282892504353191
0.283099967130410
0.283483127043084
0.284190511861188
0.285495565288722
0.287900159524692
0.292320195579120
0.300409651436275
0.315097529515550
0.341384957663592
0.387242715782141
0.463776402001247
0.582535401268922
0.747482179462892
0.944504528235966
1.141526877009040
1.306473655203011
1.425232654470685
1.501766340689791
1.547624098808340
1.573911526956382
1.588599405035657
1.596688860892812
1.601108896947240
1.603513491183210
1.604818544610744
1.605525929428848
1.605909089341522
1.606116552118741
1.606228860298883
1.606289650622406
1.606322553316723
1.606340361284749
1.606349999345037
1.606355215623633
1.606358038745868
1.606359566654473
1.606360393576224
1.606360841115443
1.606361083328524
1.606361214416839
1.606361285363231
1.606361323760171
1.606361344541002
1.606361355787807
1.606361361874697
1.606361365168987
1.606361366951891
1.606361367916817
1.606361368439046
1.606361368721681
1.606361368874647
1.606361368957433
1.606361369002238
1.606361369026487
1.606361369039611
1.606361369046713
1.606361369050557
1.606361369052638
1.606361369053764
1.606361369054373
1.606361369054703
1.606361369054881
1.606361369054978
1.606361369055030
1.606361369055059
1.606361369055074
1.606361369055082
1.606361369055087
1.606361369055089
1.606361369055090
1.606361369055091
1.606361369055092
1.606361369055092
1.606361369055092
1.606361369055092
1.606361369055092
1.606361369055092
1.606361369055092
1.606361369055092
1.606361369055092
1.606361369055092
1.606361369055092
1.606361369055092
1.606361369055092
1.606361369055092
1.606361369055092
1.606361369055092
1.606361369055092
1.606361369055092
1.606361369055092
1.606361369055092
1.606361369055092
1.606361369055092
1.606361369055092
1.606361369055092
1.606361369055092
1.606361369055092
1.606361369055092
1.606361369055092
1.606361369055092
1.606361369055092
1.606361369055092
1.606361369055092
1.606361369055092
1.606361369055092
1.606361369055092
1.606361369055092
1.606361369055092
1.606361369055092
1.606361369055092
1.606361369055092
1.606361369055092
1.606361369055092
1.606361369055092
1.606361369055092
1.606361369055092
1.606361369055092
1.606361369055092
1.606361369055092
1.606361369055092
1.606361369055092
1.606361369055092
1.606361369055092
1.606361369055092
1.606361369055092
1.606361369055092
1.606361369055092
1.606361369055092
1.606361369055092
1.606361369055092
1.606361369055092
1.606361369055092
1.606361369055092
1.606361369055092
1.606361369055092
1.606361369055092
1.606361369055092
1.606361369055092
1.606361369055092
1.606361369055092
1.606361369055092
1.606361369055092
1.606361369055092
1.606361369055092
1.606361369055092
1.606361369055092
1.606361369055092
1.606361369055092
1.606361369055092
1.606361369055092
1.606361369055092
1.606361369055092
1.606361369055092
1.606361369055092
1.606361369055092
1.606361369055092
1.606361369055092
1.606361369055091
1.606361369055090
1.606361369055089
1.606361369055087
1.606361369055082
1.606361369055074
1.606361369055059
1.606361369055030
1.606361369054978
1.606361369054881
1.606361369054703
1.606361369054373
1.606361369053764
1.606361369052638
1.606361369050557
1.606361369046713
1.606361369039611
1.606361369026487
1.606361369002238
1.606361368957433
1.606361368874647
1.606361368721681
1.606361368439046
1.606361367916817
1.606361366951891
1.606361365168987
1.606361361874697
1.606361355787807
1.606361344541002
1.606361323760171
1.606361285363231
1.606361214416839
1.606361083328524
1.606360841115443
1.606360393576224
1.606359566654473
1.606358038745868
1.606355215623633
1.606349999345037
1.606340361284749
1.606322553316723
1.606289650622406
1.606228860298883
1.606116552118741
1.605909089341522
1.605525929428848
1.604818544610744
1.603513491183210
1.601108896947240
1.596688860892812
1.588599405035657
1.573911526956382
1.547624098808340
1.501766340689791
1.425232654470685
1.306473655203011
1.141526877009040
