0.811156 0.760179 0.480000 1.260000
0.414919 1.360428 0.480000 1.260000
0.789272 0.777762 0.490000 1.240000
0.416345 1.355992 0.490000 1.240000
0.838546 0.738422 0.490000 1.250000
0.413569 1.364811 0.490000 1.250000
1.340754 0.426894 0.490000 1.270000
0.426841 1.340861 0.490000 1.270000
1.358915 0.418158 0.490000 1.280000
0.418161 1.358909 0.490000 1.280000
0.812964 0.758754 0.500000 1.230000
0.414811 1.360747 0.500000 1.230000
0.866439 0.716720 0.500000 1.240000
0.412698 1.367842 0.500000 1.240000
1.340835 0.426852 0.500000 1.260000
0.426851 1.340846 0.500000 1.260000
1.358906 0.418161 0.500000 1.270000
0.418161 1.358906 0.500000 1.270000
0.793411 0.774359 0.510000 1.210000
0.416071 1.356919 0.510000 1.210000
0.836530 0.740026 0.510000 1.220000
0.413655 1.364502 0.510000 1.220000
0.895549 0.695127 0.510000 1.230000
0.412266 1.369092 0.510000 1.230000
1.322573 0.435983 0.510000 1.240000
0.435985 1.322557 0.510000 1.240000
1.340844 0.426847 0.510000 1.250000
0.426848 1.340852 0.510000 1.250000
1.358891 0.418170 0.510000 1.260000
0.418156 1.358916 0.510000 1.260000
0.814379 0.757631 0.520000 1.200000
0.414734 1.360978 0.520000 1.200000
0.859931 0.721658 0.520000 1.210000
0.412873 1.367319 0.520000 1.210000
1.322523 0.436009 0.520000 1.230000
0.435979 1.322568 0.520000 1.230000
1.340835 0.426853 0.520000 1.240000
0.426852 1.340846 0.520000 1.240000
1.358917 0.418157 0.520000 1.250000
0.418162 1.358907 0.520000 1.250000
0.796669 0.771720 0.530000 1.180000
0.415854 1.357626 0.530000 1.180000
0.834986 0.741262 0.530000 1.190000
0.413713 1.364285 0.530000 1.190000
0.883720 0.703880 0.530000 1.200000
0.412358 1.368746 0.530000 1.200000
1.322514 0.436014 0.530000 1.220000
0.435979 1.322568 0.530000 1.220000
1.340832 0.426854 0.530000 1.230000
0.426850 1.340847 0.530000 1.230000
1.358903 0.418164 0.530000 1.240000
0.418159 1.358911 0.530000 1.240000
0.815464 0.756775 0.540000 1.170000
0.414677 1.361154 0.540000 1.170000
0.855271 0.725245 0.540000 1.180000
0.413008 1.366876 0.540000 1.180000
1.322554 0.435992 0.540000 1.210000
0.435982 1.322561 0.540000 1.210000
1.340844 0.426847 0.540000 1.220000
0.426853 1.340842 0.540000 1.220000
1.358898 0.418166 0.540000 1.230000
0.418157 1.358915 0.540000 1.230000
0.799349 0.769559 0.550000 1.150000
0.415671 1.358189 0.550000 1.150000
0.833825 0.742186 0.550000 1.160000
0.413760 1.364111 0.550000 1.160000
0.875574 0.709905 0.550000 1.170000
0.412497 1.368388 0.550000 1.170000
1.304020 0.445628 0.550000 1.190000
0.445615 1.304056 0.550000 1.190000
1.322566 0.435986 0.550000 1.200000
0.435983 1.322560 0.550000 1.200000
1.340824 0.426858 0.550000 1.210000
0.426848 1.340850 0.550000 1.210000
1.358903 0.418164 0.550000 1.220000
0.418159 1.358912 0.550000 1.220000
0.785952 0.780488 0.560000 1.130000
0.416628 1.355078 0.560000 1.130000
0.816345 0.756077 0.560000 1.140000
0.414625 1.361306 0.560000 1.140000
0.851741 0.727990 0.560000 1.150000
0.413112 1.366505 0.560000 1.150000
0.895728 0.694996 0.560000 1.160000
0.412270 1.369091 0.560000 1.160000
1.304041 0.445617 0.560000 1.180000
0.445615 1.304055 0.560000 1.180000
1.322572 0.435983 0.560000 1.190000
0.435981 1.322564 0.560000 1.190000
1.340858 0.426840 0.560000 1.200000
0.426854 1.340840 0.560000 1.200000
1.358912 0.418158 0.560000 1.210000
0.418159 1.358910 0.560000 1.210000
0.801647 0.767696 0.570000 1.120000
0.415565 1.358558 0.570000 1.120000
0.832874 0.742948 0.570000 1.130000
0.413802 1.363968 0.570000 1.130000
0.869532 0.714402 0.570000 1.140000
0.412621 1.368055 0.570000 1.140000
1.304021 0.445627 0.570000 1.170000
0.445617 1.304051 0.570000 1.170000
1.322577 0.435980 0.570000 1.180000
0.435983 1.322560 0.570000 1.180000
1.340818 0.426861 0.570000 1.190000
0.426846 1.340853 0.570000 1.190000
1.358902 0.418164 0.570000 1.200000
0.418155 1.358918 0.570000 1.200000
0.789049 0.777922 0.580000 1.100000
0.416410 1.355832 0.580000 1.100000
0.817126 0.755445 0.580000 1.110000
0.414615 1.361367 0.580000 1.110000
0.848974 0.730156 0.580000 1.120000
0.413204 1.366179 0.580000 1.120000
0.887128 0.701364 0.580000 1.130000
0.412317 1.368867 0.580000 1.130000
1.303984 0.445647 0.580000 1.160000
0.445612 1.304060 0.580000 1.160000
1.322533 0.436004 0.580000 1.170000
0.435980 1.322565 0.580000 1.170000
1.340849 0.426845 0.580000 1.180000
0.426851 1.340847 0.580000 1.180000
1.358911 0.418159 0.580000 1.190000
0.418157 1.358914 0.580000 1.190000
0.803503 0.766217 0.590000 1.090000
0.415443 1.358922 0.590000 1.090000
0.832169 0.743498 0.590000 1.100000
0.413864 1.363790 0.590000 1.100000
0.864917 0.717859 0.590000 1.110000
0.412768 1.367667 0.590000 1.110000
1.304022 0.445627 0.590000 1.150000
0.445616 1.304054 0.590000 1.150000
1.322527 0.436007 0.590000 1.160000
0.435976 1.322574 0.590000 1.160000
1.340836 0.426851 0.590000 1.170000
0.426852 1.340843 0.590000 1.170000
1.358902 0.418164 0.590000 1.180000
0.418157 1.358915 0.590000 1.180000
0.791711 0.775730 0.600000 1.070000
0.416232 1.356440 0.600000 1.070000
0.817720 0.754975 0.600000 1.080000
0.414584 1.361463 0.600000 1.080000
0.846797 0.731858 0.600000 1.090000
0.413309 1.365841 0.600000 1.090000
0.880599 0.706175 0.600000 1.100000
0.412432 1.368567 0.600000 1.100000
1.285073 0.455755 0.600000 1.130000
0.455741 1.285089 0.600000 1.130000
1.304084 0.445593 0.600000 1.140000
0.445624 1.304039 0.600000 1.140000
1.322567 0.435985 0.600000 1.150000
0.435980 1.322565 0.600000 1.150000
1.340822 0.426858 0.600000 1.160000
0.426847 1.340852 0.600000 1.160000
1.358910 0.418160 0.600000 1.170000
0.418156 1.358916 0.600000 1.170000
0.805068 0.764983 0.610000 1.060000
0.415331 1.359248 0.610000 1.060000
0.831496 0.744043 0.610000 1.070000
0.413868 1.363742 0.610000 1.070000
0.861127 0.720739 0.610000 1.080000
0.412854 1.367394 0.610000 1.080000
0.895974 0.694806 0.610000 1.090000
0.412277 1.369078 0.610000 1.090000
1.284893 0.455852 0.610000 1.120000
0.455709 1.285146 0.610000 1.120000
1.303946 0.445667 0.610000 1.130000
0.445601 1.304079 0.610000 1.130000
1.322471 0.436036 0.610000 1.140000
0.435964 1.322594 0.610000 1.140000
1.340823 0.426858 0.610000 1.150000
0.426848 1.340851 0.610000 1.150000
1.358902 0.418164 0.610000 1.160000
0.418154 1.358919 0.610000 1.160000
0.793956 0.773912 0.620000 1.040000
0.416048 1.357011 0.620000 1.040000
0.818189 0.754616 0.620000 1.050000
0.414526 1.361606 0.620000 1.050000
0.844899 0.733368 0.620000 1.060000
0.413348 1.365654 0.620000 1.060000
0.875311 0.710092 0.620000 1.070000
0.412526 1.368327 0.620000 1.070000
1.284936 0.455829 0.620000 1.110000
0.455715 1.285136 0.620000 1.110000
1.303958 0.445661 0.620000 1.120000
0.445603 1.304078 0.620000 1.120000
1.322519 0.436011 0.620000 1.130000
0.435975 1.322575 0.620000 1.130000
1.340822 0.426859 0.620000 1.140000
0.426845 1.340855 0.620000 1.140000
1.358876 0.418179 0.620000 1.150000
0.418151 1.358926 0.620000 1.150000
0.784169 0.781991 0.630000 1.020000
0.416724 1.354700 0.630000 1.020000
0.806410 0.763926 0.630000 1.030000
0.415229 1.359534 0.630000 1.030000
0.830955 0.744475 0.630000 1.040000
0.413891 1.363659 0.630000 1.040000
0.858047 0.723097 0.630000 1.050000
0.412934 1.367130 0.630000 1.050000
0.889185 0.699837 0.630000 1.060000
0.412307 1.368911 0.630000 1.060000
1.284925 0.455835 0.630000 1.100000
0.455708 1.285149 0.630000 1.100000
1.303951 0.445665 0.630000 1.110000
0.445596 1.304090 0.630000 1.110000
1.322503 0.436020 0.630000 1.120000
0.435971 1.322581 0.630000 1.120000
1.340810 0.426865 0.630000 1.130000
0.426841 1.340862 0.630000 1.130000
1.358891 0.418171 0.630000 1.140000
0.418156 1.358917 0.630000 1.140000
0.795963 0.772284 0.640000 1.010000
0.415912 1.357450 0.640000 1.010000
0.818630 0.754268 0.640000 1.020000
0.414511 1.361663 0.640000 1.020000
0.843316 0.734621 0.640000 1.030000
0.413398 1.365454 0.640000 1.030000
0.870998 0.713299 0.640000 1.040000
0.412607 1.368106 0.640000 1.040000
1.284951 0.455821 0.640000 1.090000
0.455719 1.285130 0.640000 1.090000
1.303963 0.445658 0.640000 1.100000
0.445597 1.304088 0.640000 1.100000
1.322526 0.436007 0.640000 1.110000
0.435973 1.322578 0.640000 1.110000
1.340792 0.426874 0.640000 1.120000
0.426839 1.340867 0.640000 1.120000
1.358922 0.418154 0.640000 1.130000
0.418164 1.358902 0.640000 1.130000
0.786652 0.779922 0.650000 0.990000
0.416549 1.355316 0.650000 0.990000
0.807605 0.762978 0.650000 1.000000
0.415160 1.359743 0.650000 1.000000
0.830486 0.744847 0.650000 1.010000
0.413928 1.363556 0.650000 1.010000
0.855427 0.725121 0.650000 1.020000
0.413010 1.366876 0.650000 1.020000
0.883622 0.703948 0.650000 1.030000
0.412370 1.368721 0.650000 1.030000
1.303964 0.445658 0.650000 1.090000
0.445602 1.304079 0.650000 1.090000
1.322510 0.436016 0.650000 1.100000
0.435970 1.322582 0.650000 1.100000
1.340862 0.426839 0.650000 1.110000
0.426856 1.340838 0.650000 1.110000
1.358905 0.418162 0.650000 1.120000
0.418159 1.358911 0.650000 1.120000
0.797738 0.770848 0.660000 0.980000
0.415798 1.357816 0.660000 0.980000
0.819005 0.753971 0.660000 0.990000
0.414490 1.361725 0.660000 0.990000
0.841981 0.735680 0.660000 1.000000
0.413451 1.365265 0.660000 1.000000
0.867334 0.716046 0.660000 1.010000
0.412688 1.367883 0.660000 1.010000
0.896064 0.694742 0.660000 1.020000
0.412274 1.369088 0.660000 1.020000
1.303940 0.445670 0.660000 1.080000
0.445595 1.304091 0.660000 1.080000
1.322505 0.436018 0.660000 1.090000
0.435971 1.322582 0.660000 1.090000
1.340804 0.426869 0.660000 1.100000
0.426840 1.340865 0.660000 1.100000
1.358887 0.418173 0.660000 1.110000
0.418152 1.358924 0.660000 1.110000
0.788864 0.778087 0.670000 0.960000
0.416395 1.355849 0.670000 0.960000
0.808648 0.762152 0.670000 0.970000
0.415093 1.359936 0.670000 0.970000
0.830086 0.745167 0.670000 0.980000
0.413938 1.363510 0.670000 0.980000
0.853237 0.726816 0.670000 0.990000
0.413088 1.366623 0.670000 0.990000
0.879024 0.707341 0.670000 1.000000
0.412443 1.368528 0.670000 1.000000
1.322491 0.436026 0.670000 1.080000
0.435967 1.322588 0.670000 1.080000
1.340799 0.426872 0.670000 1.090000
0.426845 1.340857 0.670000 1.090000
1.358887 0.418173 0.670000 1.100000
0.418157 1.358915 0.670000 1.100000
0.799294 0.769595 0.680000 0.950000
0.415690 1.358146 0.680000 0.950000
0.819343 0.753701 0.680000 0.960000
0.414471 1.361782 0.680000 0.960000
0.840838 0.736585 0.680000 0.970000
0.413509 1.365074 0.680000 0.970000
0.864275 0.718349 0.680000 0.980000
0.412770 1.367649 0.680000 0.980000
0.890462 0.698891 0.680000 0.990000
0.412304 1.368933 0.680000 0.990000
1.358939 0.418146 0.680000 1.090000
0.418171 1.358891 0.680000 1.090000
0.790842 0.776456 0.690000 0.930000
0.416271 1.356287 0.690000 0.930000
0.809596 0.761396 0.690000 0.940000
0.415054 1.360069 0.690000 0.940000
0.829722 0.745458 0.690000 0.950000
0.413960 1.363442 0.690000 0.950000
0.851310 0.728322 0.690000 0.960000
0.413138 1.366431 0.690000 0.960000
0.875103 0.710250 0.690000 0.970000
0.412511 1.368352 0.690000 0.970000
0.800695 0.768468 0.700000 0.920000
0.415618 1.358391 0.700000 0.920000
0.819657 0.753446 0.700000 0.930000
0.414468 1.361806 0.700000 0.930000
0.839807 0.737408 0.700000 0.940000
0.413536 1.364953 0.700000 0.940000
0.861620 0.720368 0.700000 0.950000
0.412830 1.367457 0.700000 0.950000
0.885714 0.702404 0.700000 0.960000
0.412344 1.368796 0.700000 0.960000
0.792602 0.775016 0.710000 0.900000
0.416150 1.356692 0.710000 0.900000
0.810418 0.760744 0.710000 0.910000
0.414995 1.360231 0.710000 0.910000
0.829409 0.745709 0.710000 0.920000
0.413973 1.363397 0.710000 0.920000
0.849665 0.729605 0.710000 0.930000
0.413203 1.366214 0.710000 0.930000
0.871738 0.712751 0.710000 0.940000
0.412589 1.368154 0.710000 0.940000
0.895972 0.694808 0.710000 0.950000
0.412285 1.369062 0.710000 0.950000
1.358926 0.418152 0.710000 1.060000
0.418162 1.358906 0.710000 1.060000
0.785245 0.781067 0.720000 0.880000
0.416695 1.354863 0.720000 0.880000
0.801939 0.767478 0.720000 0.890000
0.415516 1.358677 0.720000 0.890000
0.819903 0.753258 0.720000 0.900000
0.414440 1.361878 0.720000 0.900000
0.838916 0.738119 0.720000 0.910000
0.413580 1.364810 0.720000 0.910000
0.859304 0.722136 0.720000 0.920000
0.412899 1.367246 0.720000 0.920000
0.881659 0.705395 0.720000 0.930000
0.412409 1.368623 0.720000 0.930000
1.358915 0.418158 0.720000 1.050000
0.418158 1.358913 0.720000 1.050000
0.794200 0.773705 0.730000 0.870000
0.416053 1.357022 0.730000 0.870000
0.811171 0.760139 0.730000 0.880000
0.414974 1.360314 0.730000 0.880000
0.829145 0.745913 0.730000 0.890000
0.413995 1.363334 0.730000 0.890000
0.848195 0.730761 0.730000 0.900000
0.413239 1.366060 0.730000 0.900000
0.868820 0.714931 0.730000 0.910000
0.412644 1.367996 0.730000 0.910000
0.891284 0.698282 0.730000 0.920000
0.412294 1.368965 0.730000 0.920000
1.304051 0.445611 0.730000 1.010000
0.445623 1.304040 0.730000 1.010000
1.322578 0.435980 0.730000 1.020000
0.435987 1.322553 0.730000 1.020000
1.340832 0.426853 0.730000 1.030000
0.426843 1.340860 0.730000 1.030000
1.358905 0.418163 0.730000 1.040000
0.418162 1.358906 0.730000 1.040000
0.787119 0.779504 0.740000 0.850000
0.416562 1.355325 0.740000 0.850000
0.803101 0.766528 0.740000 0.860000
0.415489 1.358804 0.740000 0.860000
0.820169 0.753029 0.740000 0.870000
0.414470 1.361829 0.740000 0.870000
0.838129 0.738742 0.740000 0.880000
0.413616 1.364683 0.740000 0.880000
0.857274 0.723696 0.740000 0.890000
0.412959 1.367053 0.740000 0.890000
0.878129 0.708002 0.740000 0.900000
0.412478 1.368452 0.740000 0.900000
0.900900 0.691145 0.740000 0.910000
0.412291 1.369155 0.740000 0.910000
1.265504 0.466284 0.740000 0.980000
0.466362 1.265371 0.740000 0.980000
1.285047 0.455769 0.740000 0.990000
0.455732 1.285105 0.740000 0.990000
1.304056 0.445609 0.740000 1.000000
0.445626 1.304036 0.740000 1.000000
1.322565 0.435987 0.740000 1.010000
0.435984 1.322559 0.740000 1.010000
1.340857 0.426840 0.740000 1.020000
0.426852 1.340843 0.740000 1.020000
1.358913 0.418158 0.740000 1.030000
0.418159 1.358909 0.740000 1.030000
0.795677 0.772485 0.750000 0.840000
0.415983 1.357275 0.750000 0.840000
0.811804 0.759654 0.750000 0.850000
0.414911 1.360478 0.750000 0.850000
0.828914 0.746086 0.750000 0.860000
0.414022 1.363259 0.750000 0.860000
0.846911 0.731763 0.750000 0.870000
0.413308 1.365845 0.750000 0.870000
0.866230 0.716873 0.750000 0.880000
0.412720 1.367794 0.750000 0.880000
0.887175 0.701321 0.750000 0.890000
0.412342 1.368818 0.750000 0.890000
1.265509 0.466281 0.750000 0.970000
0.466358 1.265378 0.750000 0.970000
1.285147 0.455715 0.750000 0.980000
0.455754 1.285064 0.750000 0.980000
1.304082 0.445594 0.750000 0.990000
0.445627 1.304033 0.750000 0.990000
1.322588 0.435975 0.750000 1.000000
0.435988 1.322551 0.750000 1.000000
1.340848 0.426845 0.750000 1.010000
0.426849 1.340850 0.750000 1.010000
1.358904 0.418163 0.750000 1.020000
0.418160 1.358910 0.750000 1.020000
0.804128 0.765706 0.760000 0.830000
0.415426 1.358994 0.760000 0.830000
0.820383 0.752855 0.760000 0.840000
0.414462 1.361855 0.760000 0.840000
0.837430 0.739293 0.760000 0.850000
0.413657 1.364551 0.760000 0.850000
0.855507 0.725047 0.760000 0.860000
0.413032 1.366831 0.760000 0.860000
0.875019 0.710302 0.760000 0.870000
0.412530 1.368312 0.760000 0.870000
0.895962 0.694823 0.760000 0.880000
0.412269 1.369098 0.760000 0.880000
1.265565 0.466251 0.760000 0.960000
0.466380 1.265338 0.760000 0.960000
1.285148 0.455714 0.760000 0.970000
0.455760 1.285054 0.760000 0.970000
1.304064 0.445604 0.760000 0.980000
0.445627 1.304033 0.760000 0.980000
1.322565 0.435987 0.760000 0.990000
0.435977 1.322572 0.760000 0.990000
1.340833 0.426853 0.760000 1.000000
0.426845 1.340856 0.760000 1.000000
1.358894 0.418169 0.760000 1.010000
0.418154 1.358920 0.760000 1.010000
0.812442 0.759126 0.770000 0.820000
0.414904 1.360521 0.770000 0.820000
0.828700 0.746252 0.770000 0.830000
0.414041 1.363204 0.770000 0.830000
0.845740 0.732690 0.770000 0.840000
0.413349 1.365696 0.770000 0.840000
0.883595 0.703959 0.770000 0.860000
0.412394 1.368671 0.770000 0.860000
1.265510 0.466281 0.770000 0.950000
0.466371 1.265354 0.770000 0.950000
1.285142 0.455718 0.770000 0.960000
0.455764 1.285047 0.770000 0.960000
1.304055 0.445609 0.770000 0.970000
0.445624 1.304039 0.770000 0.970000
1.322578 0.435979 0.770000 0.980000
0.435989 1.322549 0.770000 0.980000
1.340863 0.426837 0.770000 0.990000
0.426857 1.340835 0.770000 0.990000
1.358912 0.418159 0.770000 1.000000
0.418158 1.358913 0.770000 1.000000
0.836800 0.739790 0.780000 0.820000
0.413690 1.364440 0.780000 0.820000
0.853911 0.726281 0.780000 0.830000
0.413096 1.366634 0.780000 0.830000
1.265529 0.466271 0.780000 0.940000
0.466373 1.265350 0.780000 0.940000
1.285132 0.455723 0.780000 0.950000
0.455761 1.285052 0.780000 0.950000
1.304078 0.445596 0.780000 0.960000
0.445628 1.304031 0.780000 0.960000
1.322572 0.435983 0.780000 0.970000
0.435983 1.322560 0.780000 0.970000
1.340854 0.426842 0.780000 0.980000
0.426849 1.340849 0.780000 0.980000
1.358916 0.418157 0.780000 0.990000
0.418161 1.358907 0.780000 0.990000
1.367303 0.412882 0.790000 0.810000
0.721546 0.860063 0.790000 0.810000
1.368732 0.412365 0.790000 0.820000
0.702850 0.885110 0.790000 0.820000
1.265544 0.466262 0.790000 0.930000
0.466376 1.265344 0.790000 0.930000
1.285142 0.455718 0.790000 0.940000
0.455765 1.285044 0.790000 0.940000
1.304075 0.445598 0.790000 0.950000
0.445634 1.304020 0.790000 0.950000
1.322585 0.435975 0.790000 0.960000
0.435991 1.322546 0.790000 0.960000
1.340834 0.426853 0.790000 0.970000
0.426850 1.340846 0.790000 0.970000
1.358909 0.418160 0.790000 0.980000
0.418159 1.358911 0.790000 0.980000
1.366537 0.413113 0.800000 0.800000
0.727423 0.852438 0.800000 0.800000
1.368448 0.412470 0.800000 0.810000
0.708470 0.877512 0.800000 0.810000
1.265539 0.466265 0.800000 0.920000
0.466388 1.265322 0.800000 0.920000
1.285139 0.455719 0.800000 0.930000
0.455760 1.285054 0.800000 0.930000
1.304077 0.445596 0.800000 0.940000
0.445630 1.304027 0.800000 0.940000
1.322598 0.435968 0.800000 0.950000
0.435995 1.322538 0.800000 0.950000
1.340839 0.426850 0.800000 0.960000
0.426853 1.340843 0.800000 0.960000
1.358915 0.418157 0.800000 0.970000
0.418160 1.358908 0.800000 0.970000
0.860066 0.721548 0.810000 0.790000
0.412882 1.367304 0.810000 0.790000
0.877508 0.708467 0.810000 0.800000
0.412472 1.368457 0.810000 0.800000
1.369060 0.412284 0.810000 0.810000
0.694706 0.896108 0.810000 0.810000
1.285154 0.455711 0.810000 0.920000
0.455773 1.285029 0.810000 0.920000
1.304077 0.445597 0.810000 0.930000
0.445629 1.304028 0.810000 0.930000
1.322589 0.435974 0.810000 0.940000
0.435995 1.322538 0.810000 0.940000
1.340854 0.426842 0.810000 0.950000
0.426853 1.340843 0.810000 0.950000
1.358914 0.418158 0.810000 0.960000
0.418159 1.358911 0.810000 0.960000
1.360513 0.414902 0.820000 0.770000
0.759129 0.812444 0.820000 0.770000
1.364443 0.413691 0.820000 0.780000
0.739784 0.836793 0.820000 0.780000
0.885106 0.702847 0.820000 0.790000
0.412368 1.368740 0.820000 0.790000
1.285117 0.455731 0.820000 0.910000
0.455753 1.285066 0.820000 0.910000
1.304033 0.445621 0.820000 0.920000
0.445617 1.304052 0.820000 0.920000
1.322577 0.435980 0.820000 0.930000
0.435989 1.322550 0.820000 0.930000
1.340826 0.426858 0.820000 0.940000
0.426847 1.340855 0.820000 0.940000
1.358917 0.418156 0.820000 0.950000
0.418164 1.358902 0.820000 0.950000
1.358987 0.415424 0.830000 0.760000
0.765708 0.804129 0.830000 0.760000
1.363203 0.414041 0.830000 0.770000
0.746249 0.828697 0.830000 0.770000
1.366637 0.413097 0.830000 0.780000
0.726276 0.853905 0.830000 0.780000
1.285128 0.455725 0.830000 0.900000
0.455756 1.285059 0.830000 0.900000
1.304064 0.445604 0.830000 0.910000
0.445625 1.304036 0.830000 0.910000
1.322584 0.435976 0.830000 0.920000
0.435990 1.322547 0.830000 0.920000
1.340818 0.426861 0.830000 0.930000
0.426844 1.340859 0.830000 0.930000
1.358902 0.418164 0.830000 0.940000
0.418155 1.358918 0.830000 0.940000
1.357273 0.415983 0.840000 0.750000
0.772483 0.795675 0.840000 0.750000
1.361850 0.414460 0.840000 0.760000
0.752856 0.820385 0.840000 0.760000
1.365700 0.413350 0.840000 0.770000
0.732682 0.845731 0.840000 0.770000
1.285141 0.455718 0.840000 0.890000
0.455766 1.285042 0.840000 0.890000
1.304074 0.445598 0.840000 0.900000
0.445632 1.304023 0.840000 0.900000
1.322534 0.436004 0.840000 0.910000
0.435973 1.322580 0.840000 0.910000
1.340829 0.426855 0.840000 0.920000
0.426842 1.340862 0.840000 0.920000
1.358911 0.418160 0.840000 0.930000
0.418159 1.358911 0.840000 0.930000
1.355328 0.416563 0.850000 0.740000
0.779499 0.787114 0.850000 0.740000
1.360471 0.414909 0.850000 0.750000
0.759657 0.811807 0.850000 0.750000
1.364554 0.413658 0.850000 0.760000
0.739286 0.837423 0.850000 0.760000
1.285142 0.455718 0.850000 0.880000
0.455772 1.285032 0.850000 0.880000
1.304077 0.445597 0.850000 0.890000
0.445640 1.304009 0.850000 0.890000
1.322575 0.435981 0.850000 0.900000
0.435983 1.322561 0.850000 0.900000
1.340839 0.426850 0.850000 0.910000
0.426848 1.340850 0.850000 0.910000
1.358897 0.418168 0.850000 0.920000
0.418154 1.358920 0.850000 0.920000
1.358798 0.415487 0.860000 0.740000
0.766529 0.803102 0.860000 0.740000
1.363258 0.414022 0.860000 0.750000
0.746084 0.828911 0.860000 0.750000
1.366833 0.413032 0.860000 0.760000
0.725042 0.855501 0.860000 0.760000
1.368662 0.412392 0.860000 0.770000
0.703962 0.883598 0.860000 0.770000
1.285132 0.455723 0.860000 0.870000
0.455758 1.285056 0.860000 0.870000
1.304055 0.445609 0.860000 0.880000
0.445628 1.304031 0.860000 0.880000
1.322570 0.435984 0.860000 0.890000
0.435987 1.322553 0.860000 0.890000
1.340831 0.426854 0.860000 0.900000
0.426844 1.340859 0.860000 0.900000
1.358910 0.418160 0.860000 0.910000
0.418162 1.358907 0.860000 0.910000
1.357021 0.416053 0.870000 0.730000
0.773703 0.794198 0.870000 0.730000
1.361824 0.414468 0.870000 0.740000
0.753030 0.820171 0.870000 0.740000
1.365849 0.413310 0.870000 0.750000
0.731756 0.846903 0.870000 0.750000
1.368303 0.412527 0.870000 0.760000
0.710304 0.875021 0.870000 0.760000
1.285062 0.455761 0.870000 0.860000
0.455721 1.285126 0.870000 0.860000
1.304066 0.445603 0.870000 0.870000
0.445634 1.304019 0.870000 0.870000
1.322565 0.435986 0.870000 0.880000
0.435982 1.322561 0.870000 0.880000
1.340847 0.426846 0.870000 0.890000
0.426854 1.340840 0.870000 0.890000
1.358909 0.418161 0.870000 0.900000
0.418160 1.358911 0.870000 0.900000
1.354867 0.416696 0.880000 0.720000
0.781061 0.785239 0.880000 0.720000
1.360306 0.414972 0.880000 0.730000
0.760142 0.811174 0.880000 0.730000
1.364686 0.413617 0.880000 0.740000
0.738736 0.838121 0.880000 0.740000
1.367789 0.412719 0.880000 0.750000
0.716873 0.866229 0.880000 0.750000
1.369094 0.412268 0.880000 0.760000
0.694823 0.895962 0.880000 0.760000
1.285038 0.455774 0.880000 0.850000
0.455715 1.285136 0.880000 0.850000
1.304024 0.445626 0.880000 0.860000
0.445611 1.304062 0.880000 0.860000
1.322568 0.435984 0.880000 0.870000
0.435984 1.322558 0.880000 0.870000
1.340842 0.426848 0.880000 0.880000
0.426849 1.340850 0.880000 0.880000
1.358896 0.418168 0.880000 0.890000
0.418152 1.358926 0.880000 0.890000
1.358672 0.415514 0.890000 0.720000
0.767479 0.801940 0.890000 0.720000
1.363333 0.413995 0.890000 0.730000
0.745910 0.829142 0.890000 0.730000
1.367054 0.412960 0.890000 0.740000
0.723692 0.857269 0.890000 0.740000
1.368810 0.412339 0.890000 0.750000
0.701324 0.887179 0.890000 0.750000
1.285048 0.455768 0.890000 0.840000
0.455716 1.285135 0.890000 0.840000
1.304002 0.445638 0.890000 0.850000
0.445599 1.304084 0.890000 0.850000
1.322560 0.435989 0.890000 0.860000
0.435982 1.322564 0.890000 0.860000
1.340835 0.426852 0.890000 0.870000
0.426847 1.340852 0.890000 0.870000
1.358926 0.418152 0.890000 0.880000
0.418168 1.358896 0.890000 0.880000
1.356692 0.416150 0.900000 0.710000
0.775013 0.792599 0.900000 0.710000
1.361872 0.414438 0.900000 0.720000
0.753259 0.819904 0.900000 0.720000
1.366064 0.413240 0.900000 0.730000
0.730754 0.848187 0.900000 0.730000
1.368443 0.412475 0.900000 0.740000
0.708005 0.878133 0.900000 0.740000
1.285065 0.455759 0.900000 0.830000
0.455723 1.285122 0.900000 0.830000
1.304016 0.445630 0.900000 0.840000
0.445601 1.304081 0.900000 0.840000
1.322567 0.435985 0.900000 0.850000
0.435979 1.322568 0.900000 0.850000
1.340853 0.426842 0.900000 0.860000
0.426856 1.340836 0.900000 0.860000
1.358911 0.418160 0.900000 0.870000
0.418161 1.358909 0.900000 0.870000
1.360223 0.414992 0.910000 0.710000
0.760746 0.810421 0.910000 0.710000
1.364814 0.413581 0.910000 0.720000
0.738112 0.838909 0.910000 0.720000
1.367990 0.412642 0.910000 0.730000
0.714931 0.868820 0.910000 0.730000
1.369153 0.412291 0.910000 0.740000
0.691143 0.900897 0.910000 0.740000
1.285072 0.455756 0.910000 0.820000
0.455729 1.285111 0.910000 0.820000
1.304029 0.445623 0.910000 0.830000
0.445606 1.304071 0.910000 0.830000
1.322587 0.435975 0.910000 0.840000
0.436001 1.322527 0.910000 0.840000
1.340845 0.426847 0.910000 0.850000
0.426851 1.340845 0.910000 0.850000
1.358907 0.418162 0.910000 0.860000
0.418160 1.358909 0.910000 0.860000
1.358386 0.415616 0.920000 0.700000
0.768469 0.800695 0.920000 0.700000
1.363397 0.413973 0.920000 0.710000
0.745706 0.829405 0.920000 0.710000
1.367246 0.412898 0.920000 0.720000
0.722133 0.859300 0.920000 0.720000
1.368959 0.412292 0.920000 0.730000
0.698284 0.891287 0.920000 0.730000
1.265315 0.466387 0.920000 0.800000
0.466267 1.265546 0.920000 0.800000
1.285035 0.455776 0.920000 0.810000
0.455709 1.285148 0.920000 0.810000
1.304045 0.445614 0.920000 0.820000
0.445623 1.304040 0.920000 0.820000
1.322554 0.435992 0.920000 0.830000
0.435974 1.322577 0.920000 0.830000
1.340857 0.426840 0.920000 0.840000
0.426857 1.340835 0.920000 0.840000
1.358921 0.418155 0.920000 0.850000
0.418168 1.358896 0.920000 0.850000
1.356288 0.416271 0.930000 0.690000
0.776452 0.790838 0.930000 0.690000
1.361800 0.414466 0.930000 0.700000
0.753448 0.819659 0.930000 0.700000
1.366218 0.413204 0.930000 0.710000
0.729599 0.849657 0.930000 0.710000
1.368613 0.412407 0.930000 0.720000
0.705398 0.881662 0.930000 0.720000
1.265337 0.466375 0.930000 0.790000
0.466264 1.265551 0.930000 0.790000
1.285060 0.455762 0.930000 0.800000
0.455717 1.285133 0.930000 0.800000
1.304021 0.445627 0.930000 0.810000
0.445599 1.304084 0.930000 0.810000
1.322556 0.435991 0.930000 0.820000
0.435978 1.322571 0.930000 0.820000
1.340853 0.426842 0.930000 0.830000
0.426863 1.340824 0.930000 0.830000
1.358911 0.418159 0.930000 0.840000
0.418159 1.358911 0.930000 0.840000
1.360061 0.415051 0.940000 0.690000
0.761398 0.809599 0.940000 0.690000
1.364957 0.413538 0.940000 0.700000
0.737401 0.839799 0.940000 0.700000
1.368146 0.412587 0.940000 0.710000
0.712753 0.871739 0.940000 0.710000
1.265343 0.466371 0.940000 0.780000
0.466272 1.265536 0.940000 0.780000
1.285050 0.455768 0.940000 0.790000
0.455715 1.285136 0.940000 0.790000
1.304020 0.445628 0.940000 0.800000
0.445599 1.304085 0.940000 0.800000
1.322545 0.435998 0.940000 0.810000
0.435971 1.322582 0.940000 0.810000
1.340849 0.426845 0.940000 0.820000
0.426859 1.340831 0.940000 0.820000
1.358919 0.418155 0.940000 0.830000
0.418164 1.358902 0.940000 0.830000
1.358142 0.415689 0.950000 0.680000
0.769595 0.799294 0.950000 0.680000
1.363442 0.413960 0.950000 0.690000
0.745455 0.829719 0.950000 0.690000
1.367456 0.412829 0.950000 0.700000
0.720366 0.861617 0.950000 0.700000
1.369058 0.412284 0.950000 0.710000
0.694808 0.895972 0.950000 0.710000
1.265347 0.466370 0.950000 0.770000
0.466283 1.265517 0.950000 0.770000
1.285058 0.455763 0.950000 0.780000
0.455721 1.285126 0.950000 0.780000
1.304013 0.445632 0.950000 0.790000
0.445601 1.304082 0.950000 0.790000
1.322545 0.435997 0.950000 0.800000
0.435966 1.322592 0.950000 0.800000
1.340838 0.426851 0.950000 0.810000
0.426843 1.340860 0.950000 0.810000
1.358903 0.418164 0.950000 0.820000
0.418156 1.358917 0.950000 0.820000
1.355851 0.416396 0.960000 0.670000
0.778083 0.788859 0.960000 0.670000
1.361776 0.414469 0.960000 0.680000
0.753702 0.819344 0.960000 0.680000
1.366435 0.413139 0.960000 0.690000
0.728316 0.851303 0.960000 0.690000
1.368788 0.412341 0.960000 0.700000
0.702407 0.885718 0.960000 0.700000
1.265331 0.466378 0.960000 0.760000
0.466253 1.265572 0.960000 0.760000
1.285053 0.455766 0.960000 0.770000
0.455715 1.285136 0.960000 0.770000
1.304024 0.445626 0.960000 0.780000
0.445599 1.304086 0.960000 0.780000
1.322553 0.435993 0.960000 0.790000
0.435973 1.322579 0.960000 0.790000
1.340837 0.426851 0.960000 0.800000
0.426852 1.340845 0.960000 0.800000
1.358912 0.418159 0.960000 0.810000
0.418158 1.358913 0.960000 0.810000
1.359929 0.415091 0.970000 0.670000
0.762155 0.808651 0.970000 0.670000
1.365078 0.413510 0.970000 0.680000
0.736578 0.840830 0.970000 0.680000
1.368343 0.412509 0.970000 0.690000
0.710253 0.875106 0.970000 0.690000
1.265371 0.466356 0.970000 0.750000
0.466283 1.265516 0.970000 0.750000
1.285060 0.455762 0.970000 0.760000
0.455712 1.285143 0.970000 0.760000
1.304032 0.445622 0.970000 0.770000
0.445611 1.304062 0.970000 0.770000
1.322567 0.435985 0.970000 0.780000
0.435980 1.322565 0.970000 0.780000
1.340841 0.426849 0.970000 0.790000
0.426854 1.340840 0.970000 0.790000
1.358909 0.418160 0.970000 0.800000
0.418157 1.358914 0.970000 0.800000
1.357813 0.415797 0.980000 0.660000
0.770847 0.797737 0.980000 0.660000
1.363511 0.413938 0.980000 0.670000
0.745164 0.830083 0.980000 0.670000
1.367645 0.412769 0.980000 0.680000
0.718348 0.864274 0.980000 0.680000
1.265364 0.466360 0.980000 0.740000
0.466286 1.265511 0.980000 0.740000
1.285070 0.455757 0.980000 0.750000
0.455712 1.285141 0.980000 0.750000
1.304026 0.445625 0.980000 0.760000
0.445606 1.304071 0.980000 0.760000
1.322556 0.435991 0.980000 0.770000
0.435977 1.322572 0.980000 0.770000
1.340843 0.426848 0.980000 0.780000
0.426843 1.340860 0.980000 0.780000
1.358911 0.418159 0.980000 0.790000
0.418160 1.358909 0.980000 0.790000
1.355319 0.416550 0.990000 0.650000
0.779916 0.786646 0.990000 0.650000
1.361720 0.414489 0.990000 0.660000
0.753972 0.819007 0.990000 0.660000
1.366625 0.413089 0.990000 0.670000
0.726811 0.853231 0.990000 0.670000
1.368927 0.412302 0.990000 0.680000
0.698893 0.890464 0.990000 0.680000
1.285110 0.455735 0.990000 0.740000
0.455767 1.285041 0.990000 0.740000
1.304025 0.445625 0.990000 0.750000
0.445596 1.304089 0.990000 0.750000
1.322579 0.435979 0.990000 0.760000
0.435984 1.322558 0.990000 0.760000
1.340829 0.426856 0.990000 0.770000
0.426839 1.340869 0.990000 0.770000
1.358908 0.418161 0.990000 0.780000
0.418157 1.358915 0.990000 0.780000
1.359736 0.415158 1.000000 0.650000
0.762980 0.807608 1.000000 0.650000
1.365269 0.413453 1.000000 0.660000
0.735673 0.841973 1.000000 0.660000
1.368519 0.412440 1.000000 0.670000
0.707344 0.879027 1.000000 0.670000
1.304029 0.445623 1.000000 0.740000
0.445611 1.304063 1.000000 0.740000
1.322558 0.435991 1.000000 0.750000
0.435972 1.322581 1.000000 0.750000
1.340851 0.426843 1.000000 0.760000
0.426855 1.340839 1.000000 0.760000
1.358913 0.418158 1.000000 0.770000
0.418159 1.358911 1.000000 0.770000
1.357448 0.415912 1.010000 0.640000
0.772283 0.795961 1.010000 0.640000
1.363556 0.413928 1.010000 0.650000
0.744843 0.830482 1.010000 0.650000
1.367877 0.412686 1.010000 0.660000
0.716046 0.867334 1.010000 0.660000
1.304033 0.445621 1.010000 0.730000
0.445613 1.304058 1.010000 0.730000
1.322565 0.435986 1.010000 0.740000
0.435984 1.322558 1.010000 0.740000
1.340845 0.426847 1.010000 0.750000
0.426846 1.340854 1.010000 0.750000
1.358921 0.418154 1.010000 0.760000
0.418169 1.358893 1.010000 0.760000
1.354704 0.416725 1.020000 0.630000
0.781985 0.784162 1.020000 0.630000
1.361657 0.414509 1.020000 0.640000
0.754269 0.818632 1.020000 0.640000
1.366878 0.413011 1.020000 0.650000
0.725116 0.855421 1.020000 0.650000
1.369084 0.412273 1.020000 0.660000
0.694742 0.896064 1.020000 0.660000
1.322560 0.435989 1.020000 0.730000
0.435977 1.322571 1.020000 0.730000
1.340837 0.426851 1.020000 0.740000
0.426841 1.340863 1.020000 0.740000
1.358910 0.418160 1.020000 0.750000
0.418163 1.358904 1.020000 0.750000
1.359526 0.415227 1.030000 0.630000
0.763928 0.806412 1.030000 0.630000
1.365459 0.413400 1.030000 0.640000
0.734613 0.843307 1.030000 0.640000
1.368712 0.412368 1.030000 0.650000
0.703951 0.883626 1.030000 0.650000
1.340854 0.426841 1.030000 0.730000
0.426855 1.340837 1.030000 0.730000
1.358910 0.418160 1.030000 0.740000
0.418157 1.358913 1.030000 0.740000
1.357011 0.416048 1.040000 0.620000
0.773910 0.793954 1.040000 0.620000
1.363659 0.413892 1.040000 0.630000
0.744471 0.830951 1.040000 0.630000
1.368099 0.412605 1.040000 0.640000
0.713300 0.871000 1.040000 0.640000
1.358906 0.418162 1.040000 0.730000
0.418163 1.358904 1.040000 0.730000
1.361600 0.414524 1.050000 0.620000
0.754618 0.818191 1.050000 0.620000
1.367130 0.412934 1.050000 0.630000
0.723094 0.858043 1.050000 0.630000
1.358914 0.418158 1.050000 0.720000
0.418157 1.358914 1.050000 0.720000
1.359241 0.415329 1.060000 0.610000
0.764984 0.805070 1.060000 0.610000
1.365658 0.413350 1.060000 0.620000
0.733361 0.844890 1.060000 0.620000
1.368904 0.412304 1.060000 0.630000
0.699840 0.889188 1.060000 0.630000
1.358907 0.418162 1.060000 0.710000
0.418151 1.358925 1.060000 0.710000
1.356441 0.416232 1.070000 0.600000
0.775726 0.791707 1.070000 0.600000
1.363743 0.413868 1.070000 0.610000
0.744039 0.831492 1.070000 0.610000
1.368318 0.412523 1.070000 0.620000
0.710094 0.875314 1.070000 0.620000
1.361457 0.414582 1.080000 0.600000
0.754977 0.817722 1.080000 0.600000
1.367393 0.412853 1.080000 0.610000
0.720737 0.861124 1.080000 0.610000
1.304084 0.445592 1.080000 0.660000
0.445672 1.303948 1.080000 0.660000
1.322595 0.435970 1.080000 0.670000
0.436023 1.322484 1.080000 0.670000
1.358916 0.415442 1.090000 0.590000
0.766219 0.803505 1.090000 0.590000
1.365845 0.413310 1.090000 0.600000
0.731850 0.846788 1.090000 0.600000
1.369074 0.412275 1.090000 0.610000
0.694806 0.895974 1.090000 0.610000
1.285135 0.455722 1.090000 0.640000
0.455818 1.284945 1.090000 0.640000
1.304072 0.445599 1.090000 0.650000
0.445660 1.303971 1.090000 0.650000
1.322589 0.435973 1.090000 0.660000
0.436016 1.322498 1.090000 0.660000
1.340851 0.426843 1.090000 0.670000
0.426873 1.340804 1.090000 0.670000
1.358891 0.418172 1.090000 0.680000
0.418145 1.358938 1.090000 0.680000
1.355834 0.416411 1.100000 0.580000
0.777918 0.789044 1.100000 0.580000
1.363791 0.413865 1.100000 0.590000
0.743494 0.832164 1.100000 0.590000
1.368558 0.412429 1.100000 0.600000
0.706178 0.880602 1.100000 0.600000
1.285155 0.455710 1.100000 0.630000
0.455832 1.284919 1.100000 0.630000
1.304081 0.445595 1.100000 0.640000
0.445661 1.303970 1.100000 0.640000
1.322589 0.435973 1.100000 0.650000
0.436013 1.322503 1.100000 0.650000
1.340860 0.426838 1.100000 0.660000
0.426870 1.340810 1.100000 0.660000
1.358916 0.418157 1.100000 0.670000
0.418172 1.358886 1.100000 0.670000
1.361360 0.414613 1.110000 0.580000
0.755447 0.817128 1.110000 0.580000
1.367664 0.412767 1.110000 0.590000
0.717858 0.864916 1.110000 0.590000
1.285142 0.455717 1.110000 0.620000
0.455826 1.284930 1.110000 0.620000
1.304083 0.445593 1.110000 0.630000
0.445667 1.303958 1.110000 0.630000
1.322585 0.435975 1.110000 0.640000
0.436005 1.322519 1.110000 0.640000
1.340832 0.426855 1.110000 0.650000
0.426840 1.340868 1.110000 0.650000
1.358924 0.418152 1.110000 0.660000
0.418172 1.358887 1.110000 0.660000
1.358552 0.415563 1.120000 0.570000
0.767697 0.801648 1.120000 0.570000
1.366183 0.413205 1.120000 0.580000
0.730149 0.848966 1.120000 0.580000
1.285152 0.455712 1.120000 0.610000
0.455849 1.284888 1.120000 0.610000
1.304070 0.445600 1.120000 0.620000
0.445663 1.303966 1.120000 0.620000
1.322588 0.435973 1.120000 0.630000
0.436017 1.322496 1.120000 0.630000
1.340861 0.426837 1.120000 0.640000
0.426876 1.340798 1.120000 0.640000
1.358912 0.418159 1.120000 0.650000
0.418162 1.358905 1.120000 0.650000
1.355081 0.416629 1.130000 0.560000
0.780482 0.785947 1.130000 0.560000
1.363969 0.413802 1.130000 0.570000
0.742944 0.832869 1.130000 0.570000
1.368859 0.412315 1.130000 0.580000
0.701367 0.887132 1.130000 0.580000
1.285095 0.455743 1.130000 0.600000
0.455753 1.285067 1.130000 0.600000
1.304072 0.445599 1.130000 0.610000
0.445669 1.303953 1.130000 0.610000
1.322582 0.435977 1.130000 0.620000
0.436008 1.322512 1.130000 0.620000
1.340857 0.426840 1.130000 0.630000
0.426867 1.340816 1.130000 0.630000
1.358903 0.418165 1.130000 0.640000
0.418154 1.358922 1.130000 0.640000
1.361299 0.414622 1.140000 0.560000
0.756079 0.816347 1.140000 0.560000
1.368049 0.412619 1.140000 0.570000
0.714403 0.869533 1.140000 0.570000
1.304032 0.445621 1.140000 0.600000
0.445595 1.304091 1.140000 0.600000
1.322601 0.435966 1.140000 0.610000
0.436034 1.322464 1.140000 0.610000
1.340849 0.426844 1.140000 0.620000
0.426860 1.340828 1.140000 0.620000
1.358917 0.418156 1.140000 0.630000
0.418170 1.358891 1.140000 0.630000
1.358185 0.415670 1.150000 0.550000
0.769559 0.799349 1.150000 0.550000
1.366508 0.413113 1.150000 0.560000
0.727984 0.851734 1.150000 0.560000
1.304047 0.445613 1.150000 0.590000
0.445629 1.304029 1.150000 0.590000
1.322572 0.435982 1.150000 0.600000
0.435983 1.322560 1.150000 0.600000
1.340846 0.426846 1.150000 0.610000
0.426860 1.340829 1.150000 0.610000
1.358926 0.418151 1.150000 0.620000
0.418178 1.358875 1.150000 0.620000
1.364113 0.413761 1.160000 0.550000
0.742181 0.833819 1.160000 0.550000
1.369086 0.412269 1.160000 0.560000
0.694997 0.895727 1.160000 0.560000
1.304053 0.445610 1.160000 0.580000
0.445649 1.303991 1.160000 0.580000
1.322581 0.435978 1.160000 0.590000
0.436005 1.322520 1.160000 0.590000
1.340847 0.426845 1.160000 0.600000
0.426860 1.340828 1.160000 0.600000
1.358920 0.418154 1.160000 0.610000
0.418163 1.358902 1.160000 0.610000
1.361146 0.414675 1.170000 0.540000
0.756777 0.815467 1.170000 0.540000
1.368379 0.412494 1.170000 0.550000
0.709908 0.875577 1.170000 0.550000
1.304044 0.445615 1.170000 0.570000
0.445630 1.304028 1.170000 0.570000
1.322572 0.435983 1.170000 0.580000
0.436001 1.322526 1.170000 0.580000
1.340837 0.426851 1.170000 0.590000
0.426853 1.340842 1.170000 0.590000
1.358916 0.418156 1.170000 0.600000
0.418159 1.358910 1.170000 0.600000
1.357623 0.415853 1.180000 0.530000
0.771719 0.796668 1.180000 0.530000
1.366878 0.413008 1.180000 0.540000
0.725240 0.855266 1.180000 0.540000
1.304048 0.445613 1.180000 0.560000
0.445619 1.304048 1.180000 0.560000
1.322567 0.435986 1.180000 0.570000
0.435978 1.322570 1.180000 0.570000
1.340841 0.426849 1.180000 0.580000
0.426847 1.340854 1.180000 0.580000
1.358915 0.418157 1.180000 0.590000
0.418164 1.358902 1.180000 0.590000
1.364287 0.413714 1.190000 0.530000
0.741257 0.834980 1.190000 0.530000
1.304049 0.445612 1.190000 0.550000
0.445630 1.304028 1.190000 0.550000
1.322571 0.435983 1.190000 0.560000
0.435981 1.322565 1.190000 0.560000
1.340848 0.426845 1.190000 0.570000
0.426862 1.340824 1.190000 0.570000
1.358914 0.418157 1.190000 0.580000
0.418159 1.358911 1.190000 0.580000
1.360970 0.414732 1.200000 0.520000
0.757633 0.814381 1.200000 0.520000
1.368737 0.412355 1.200000 0.530000
0.703883 0.883724 1.200000 0.530000
1.322567 0.435985 1.200000 0.550000
0.435984 1.322559 1.200000 0.550000
1.340835 0.426853 1.200000 0.560000
0.426841 1.340864 1.200000 0.560000
1.358918 0.418155 1.200000 0.570000
0.418164 1.358902 1.200000 0.570000
1.356919 0.416071 1.210000 0.510000
0.774357 0.793409 1.210000 0.510000
1.367319 0.412873 1.210000 0.520000
0.721656 0.859927 1.210000 0.520000
1.322568 0.435985 1.210000 0.540000
0.435990 1.322547 1.210000 0.540000
1.340844 0.426847 1.210000 0.550000
0.426859 1.340830 1.210000 0.550000
1.358911 0.418159 1.210000 0.560000
0.418158 1.358912 1.210000 0.560000
1.364505 0.413656 1.220000 0.510000
0.740020 0.836523 1.220000 0.510000
1.322575 0.435981 1.220000 0.530000
0.436012 1.322507 1.220000 0.530000
1.340837 0.426851 1.220000 0.540000
0.426849 1.340850 1.220000 0.540000
1.358912 0.418159 1.220000 0.550000
0.418164 1.358902 1.220000 0.550000
1.360739 0.414809 1.230000 0.500000
0.758757 0.812967 1.230000 0.500000
1.369088 0.412265 1.230000 0.510000
0.695127 0.895549 1.230000 0.510000
1.322575 0.435981 1.230000 0.520000
0.436007 1.322516 1.230000 0.520000
1.340842 0.426849 1.230000 0.530000
0.426855 1.340838 1.230000 0.530000
1.358915 0.418157 1.230000 0.540000
0.418166 1.358898 1.230000 0.540000
1.355994 0.416346 1.240000 0.490000
0.777758 0.789267 1.240000 0.490000
1.367837 0.412697 1.240000 0.500000
0.716720 0.866439 1.240000 0.500000
1.322563 0.435988 1.240000 0.510000
0.435980 1.322566 1.240000 0.510000
1.340840 0.426851 1.240000 0.520000
0.426855 1.340841 1.240000 0.520000
1.358912 0.418159 1.240000 0.530000
0.418164 1.358902 1.240000 0.530000
1.364815 0.413570 1.250000 0.490000
0.738415 0.838539 1.250000 0.490000
1.340846 0.426846 1.250000 0.510000
0.426849 1.340850 1.250000 0.510000
1.358907 0.418162 1.250000 0.520000
0.418156 1.358916 1.250000 0.520000
1.360420 0.414916 1.260000 0.480000
0.760181 0.811159 1.260000 0.480000
1.340840 0.426849 1.260000 0.500000
0.426854 1.340841 1.260000 0.500000
1.358916 0.418156 1.260000 0.510000
0.418170 1.358890 1.260000 0.510000
1.340856 0.426839 1.270000 0.490000
0.426896 1.340760 1.270000 0.490000
1.358906 0.418162 1.270000 0.500000
0.418161 1.358906 1.270000 0.500000
1.358909 0.418161 1.280000 0.490000
0.418157 1.358915 1.280000 0.490000
