0.811155742889577 0.760178509643351 0.480000 1.260000
0.414918756744392 1.360428024596555 0.480000 1.260000
0.000000000000000 0.000000000000000 0.480000 1.260000
0.789272080249556 0.777762089078947 0.490000 1.240000
0.416345205786192 1.355992469221137 0.490000 1.240000
0.000000000000000 0.000000000000000 0.490000 1.240000
0.838546256333748 0.738421632138315 0.490000 1.250000
0.413568751937928 1.364810933062629 0.490000 1.250000
0.000000000000000 0.000000000000000 0.490000 1.250000
1.340754265507146 0.426894128838187 0.490000 1.270000
0.426840719635548 1.340861390327314 0.490000 1.270000
0.000000000000000 0.000000000000000 0.490000 1.270000
1.358915218196532 0.418157661137503 0.490000 1.280000
0.418160749803194 1.358908721745598 0.490000 1.280000
0.000000000000000 0.000000000000000 0.490000 1.280000
0.812964159247912 0.758754297320826 0.500000 1.230000
0.414811149060699 1.360746813098921 0.500000 1.230000
0.000000000000000 0.000000000000000 0.500000 1.230000
0.866439461707904 0.716720041499980 0.500000 1.240000
0.412697996542637 1.367841815102472 0.500000 1.240000
0.000000000000000 0.000000000000000 0.500000 1.240000
1.340835462692469 0.426852313564472 0.500000 1.260000
0.426851088283470 1.340845835485728 0.500000 1.260000
0.000000000000000 0.000000000000000 0.500000 1.260000
1.358906370838322 0.418161373311832 0.500000 1.270000
0.418161398134407 1.358905630557783 0.500000 1.270000
0.000000000000000 0.000000000000000 0.500000 1.270000
0.793411360293384 0.774359399036352 0.510000 1.210000
0.416071234254195 1.356918999407371 0.510000 1.210000
0.000000000000000 0.000000000000000 0.510000 1.210000
0.836530126470564 0.740026419674564 0.510000 1.220000
0.413655283711360 1.364502088124828 0.510000 1.220000
0.000000000000000 0.000000000000000 0.510000 1.220000
0.895548667888039 0.695126854694800 0.510000 1.230000
0.412266456127437 1.369091948844475 0.510000 1.230000
0.000000000000000 0.000000000000000 0.510000 1.230000
1.322573073083951 0.435982601950123 0.510000 1.240000
0.435985300251634 1.322556560213979 0.510000 1.240000
0.000000000000000 0.000000000000000 0.510000 1.240000
1.340844361677629 0.426847302516374 0.510000 1.250000
0.426848105499635 1.340851654939516 0.510000 1.250000
0.000000000000000 0.000000000000000 0.510000 1.250000
1.358890863261149 0.418170160364497 0.510000 1.260000
0.418156256571007 1.358915542877029 0.510000 1.260000
0.000000000000000 0.000000000000000 0.510000 1.260000
0.814378617971454 0.757630717700770 0.520000 1.200000
0.414733851897238 1.360977586818453 0.520000 1.200000
0.000000000000000 0.000000000000000 0.520000 1.200000
0.859930510573997 0.721658450402774 0.520000 1.210000
0.412872763133533 1.367319414684330 0.520000 1.210000
0.000000000000000 0.000000000000000 0.520000 1.210000
1.322522927866654 0.436009248289190 0.520000 1.230000
0.435978694405641 1.322568391007226 0.520000 1.230000
0.000000000000000 0.000000000000000 0.520000 1.230000
1.340834971936921 0.426853069674902 0.520000 1.240000
0.426852189799085 1.340845520410582 0.520000 1.240000
0.000000000000000 0.000000000000000 0.520000 1.240000
1.358916636784901 0.418156594305641 0.520000 1.250000
0.418161557417098 1.358906619269078 0.520000 1.250000
0.000000000000000 0.000000000000000 0.520000 1.250000
0.796669045465671 0.771719853591156 0.530000 1.180000
0.415853719695351 1.357625875164325 0.530000 1.180000
0.000000000000000 0.000000000000000 0.530000 1.180000
0.834985948899661 0.741262254849315 0.530000 1.190000
0.413713462206687 1.364284812834254 0.530000 1.190000
0.000000000000000 0.000000000000000 0.530000 1.190000
0.883719716973104 0.703879564440005 0.530000 1.200000
0.412357881059873 1.368746348728029 0.530000 1.200000
0.000000000000000 0.000000000000000 0.530000 1.200000
1.322514021704776 0.436014024573483 0.530000 1.220000
0.435978849158842 1.322567885670143 0.530000 1.220000
0.000000000000000 0.000000000000000 0.530000 1.220000
1.340832423826271 0.426853547148524 0.530000 1.230000
0.426850210053907 1.340847120495068 0.530000 1.230000
0.000000000000000 0.000000000000000 0.530000 1.230000
1.358902660622039 0.418164163278802 0.530000 1.240000
0.418158928981622 1.358911259966614 0.530000 1.240000
0.000000000000000 0.000000000000000 0.530000 1.240000
0.815464078793323 0.756774925375444 0.540000 1.170000
0.414676873207640 1.361153565231559 0.540000 1.170000
0.000000000000000 0.000000000000000 0.540000 1.170000
0.855271428279198 0.725244913121931 0.540000 1.180000
0.413007788259946 1.366875690433077 0.540000 1.180000
0.000000000000000 0.000000000000000 0.540000 1.180000
1.322553903918411 0.435992410162455 0.540000 1.210000
0.435982431711663 1.322561330056376 0.540000 1.210000
0.000000000000000 0.000000000000000 0.540000 1.210000
1.340844137936168 0.426847324269890 0.540000 1.220000
0.426852897425072 1.340842391955614 0.540000 1.220000
0.000000000000000 0.000000000000000 0.540000 1.220000
1.358898069139539 0.418166262574182 0.540000 1.230000
0.418156796444121 1.358914553696574 0.540000 1.230000
0.000000000000000 0.000000000000000 0.540000 1.230000
0.799349219374048 0.769558959353677 0.550000 1.150000
0.415671347616021 1.358189339258893 0.550000 1.150000
0.000000000000000 0.000000000000000 0.550000 1.150000
0.833824569726320 0.742186289856135 0.550000 1.160000
0.413760257006566 1.364111120210316 0.550000 1.160000
0.000000000000000 0.000000000000000 0.550000 1.160000
0.875573961996314 0.709905144946792 0.550000 1.170000
0.412496655631767 1.368388155460888 0.550000 1.170000
0.000000000000000 0.000000000000000 0.550000 1.170000
1.304020334910390 0.445627746879271 0.550000 1.190000
0.445614505631733 1.304056417903421 0.550000 1.190000
0.000000000000000 0.000000000000000 0.550000 1.190000
1.322565978807881 0.435986459446174 0.550000 1.200000
0.435983066435619 1.322560474812675 0.550000 1.200000
0.000000000000000 0.000000000000000 0.550000 1.200000
1.340824210169908 0.426857763597281 0.550000 1.210000
0.426848421880918 1.340849903749363 0.550000 1.210000
0.000000000000000 0.000000000000000 0.550000 1.210000
1.358902735839109 0.418164064931561 0.550000 1.220000
0.418158624503519 1.358911788312424 0.550000 1.220000
0.000000000000000 0.000000000000000 0.550000 1.220000
0.785952346345595 0.780487541041291 0.560000 1.130000
0.416627843175895 1.355077650397186 0.560000 1.130000
0.000000000000000 0.000000000000000 0.560000 1.130000
0.816344877322183 0.756076586035308 0.560000 1.140000
0.414624541583498 1.361306041296641 0.560000 1.140000
0.000000000000000 0.000000000000000 0.560000 1.140000
0.851740880883941 0.727989959271153 0.560000 1.150000
0.413112284849295 1.366505179475308 0.560000 1.150000
0.000000000000000 0.000000000000000 0.560000 1.150000
0.895727528480829 0.694996454042355 0.560000 1.160000
0.412270292231876 1.369090634251546 0.560000 1.160000
0.000000000000000 0.000000000000000 0.560000 1.160000
1.304040991362719 0.445616647701352 0.560000 1.180000
0.445615318072962 1.304054914156882 0.560000 1.180000
0.000000000000000 0.000000000000000 0.560000 1.180000
1.322571950594694 0.435982904854291 0.560000 1.190000
0.435981021484330 1.322564180852345 0.560000 1.190000
0.000000000000000 0.000000000000000 0.560000 1.190000
1.340858320411588 0.426839732313125 0.560000 1.200000
0.426854375948937 1.340840175961744 0.560000 1.200000
0.000000000000000 0.000000000000000 0.560000 1.200000
1.358912274525362 0.418158332401613 0.560000 1.210000
0.418158898470912 1.358910383277883 0.560000 1.210000
0.000000000000000 0.000000000000000 0.560000 1.210000
0.801647180836239 0.767696459420617 0.570000 1.120000
0.415564644946142 1.358557575510067 0.570000 1.120000
0.000000000000000 0.000000000000000 0.570000 1.120000
0.832873774972429 0.742948289945841 0.570000 1.130000
0.413801541627176 1.363967578410844 0.570000 1.130000
0.000000000000000 0.000000000000000 0.570000 1.130000
0.869532281564968 0.714402158200906 0.570000 1.140000
0.412620956142593 1.368055301657615 0.570000 1.140000
0.000000000000000 0.000000000000000 0.570000 1.140000
1.304021081478555 0.445627194789349 0.570000 1.170000
0.445617308707695 1.304051057310459 0.570000 1.170000
0.000000000000000 0.000000000000000 0.570000 1.170000
1.322577069411388 0.435979878016871 0.570000 1.180000
0.435983430825274 1.322559910018028 0.570000 1.180000
0.000000000000000 0.000000000000000 0.570000 1.180000
1.340818015237536 0.426860741183108 0.570000 1.190000
0.426846387445173 1.340853096273333 0.570000 1.190000
0.000000000000000 0.000000000000000 0.570000 1.190000
1.358902348144426 0.418163854256634 0.570000 1.200000
0.418154978884498 1.358917686233085 0.570000 1.200000
0.000000000000000 0.000000000000000 0.570000 1.200000
0.789048970213013 0.777922434604049 0.580000 1.100000
0.416410120939311 1.355832006667597 0.580000 1.100000
0.000000000000000 0.000000000000000 0.580000 1.100000
0.817125710086456 0.755444833500108 0.580000 1.110000
0.414614921015879 1.361366729165572 0.580000 1.110000
0.000000000000000 0.000000000000000 0.580000 1.110000
0.848973970296498 0.730155949182219 0.580000 1.120000
0.413203560562695 1.366178898965861 0.580000 1.120000
0.000000000000000 0.000000000000000 0.580000 1.120000
0.887128379698658 0.701363835343680 0.580000 1.130000
0.412316965349717 1.368866609308607 0.580000 1.130000
0.000000000000000 0.000000000000000 0.580000 1.130000
1.303984196044074 0.445646966040198 0.580000 1.160000
0.445612478984111 1.304059757190490 0.580000 1.160000
0.000000000000000 0.000000000000000 0.580000 1.160000
1.322533263777301 0.436003538439698 0.580000 1.170000
0.435980419668338 1.322565085494791 0.580000 1.170000
0.000000000000000 0.000000000000000 0.580000 1.170000
1.340848826782098 0.426845063270225 0.580000 1.180000
0.426850883822388 1.340846528697381 0.580000 1.180000
0.000000000000000 0.000000000000000 0.580000 1.180000
1.358911007748654 0.418158916946207 0.580000 1.190000
0.418156940379578 1.358913805572205 0.580000 1.190000
0.000000000000000 0.000000000000000 0.580000 1.190000
0.803503413779322 0.766217174157997 0.590000 1.090000
0.415443437682496 1.358921844847823 0.590000 1.090000
0.000000000000000 0.000000000000000 0.590000 1.090000
0.832168762110607 0.743498247539160 0.590000 1.100000
0.413864340431961 1.363789980036655 0.590000 1.100000
0.000000000000000 0.000000000000000 0.590000 1.100000
0.864916921067292 0.717858671096561 0.590000 1.110000
0.412768218855977 1.367667195696827 0.590000 1.110000
0.000000000000000 0.000000000000000 0.590000 1.110000
1.304021857920990 0.445626873343202 0.590000 1.150000
0.445615677143196 1.304054185755071 0.590000 1.150000
0.000000000000000 0.000000000000000 0.590000 1.150000
1.322527271778736 0.436006896643541 0.590000 1.160000
0.435975832258234 1.322573753975364 0.590000 1.160000
0.000000000000000 0.000000000000000 0.590000 1.160000
1.340836481751625 0.426851316890060 0.590000 1.170000
0.426852351955655 1.340842865911331 0.590000 1.170000
0.000000000000000 0.000000000000000 0.590000 1.170000
1.358902424475089 0.418163807143314 0.590000 1.180000
0.418156583158780 1.358914805028129 0.590000 1.180000
0.000000000000000 0.000000000000000 0.590000 1.180000
0.791711037472568 0.775729663380111 0.600000 1.070000
0.416231869170203 1.356440040924955 0.600000 1.070000
0.000000000000000 0.000000000000000 0.600000 1.070000
0.817719963164733 0.754975443359462 0.600000 1.080000
0.414583681655954 1.361463241347528 0.600000 1.080000
0.000000000000000 0.000000000000000 0.600000 1.080000
0.846796879701274 0.731857598357861 0.600000 1.090000
0.413308949827879 1.365840507125058 0.600000 1.090000
0.000000000000000 0.000000000000000 0.600000 1.090000
0.880598562809479 0.706175178121615 0.600000 1.100000
0.412431851358669 1.368567102309513 0.600000 1.100000
0.000000000000000 0.000000000000000 0.600000 1.100000
1.285072904757985 0.455755391607765 0.600000 1.130000
0.455740880466661 1.285089301301878 0.600000 1.130000
0.000000000000000 0.000000000000000 0.600000 1.130000
1.304084119509752 0.445592980223124 0.600000 1.140000
0.445623825284379 1.304038961408000 0.600000 1.140000
0.000000000000000 0.000000000000000 0.600000 1.140000
1.322567044848905 0.435985457864171 0.600000 1.150000
0.435979932147486 1.322565480154206 0.600000 1.150000
0.000000000000000 0.000000000000000 0.600000 1.150000
1.340822424825487 0.426858465990864 0.600000 1.160000
0.426846975955423 1.340852102076885 0.600000 1.160000
0.000000000000000 0.000000000000000 0.600000 1.160000
1.358910463929188 0.418159511526834 0.600000 1.170000
0.418156209743907 1.358915782833996 0.600000 1.170000
0.000000000000000 0.000000000000000 0.600000 1.170000
0.805067725790470 0.764982530763640 0.610000 1.060000
0.415330675881687 1.359247883941538 0.610000 1.060000
0.000000000000000 0.000000000000000 0.610000 1.060000
0.831496037785276 0.744042996564588 0.610000 1.070000
0.413867708311706 1.363741592304112 0.610000 1.070000
0.000000000000000 0.000000000000000 0.610000 1.070000
0.861127148650431 0.720738927667309 0.610000 1.080000
0.412853698963371 1.367393827847204 0.610000 1.080000
0.000000000000000 0.000000000000000 0.610000 1.080000
0.895974353790869 0.694806203660561 0.610000 1.090000
0.412276542303974 1.369078398930969 0.610000 1.090000
0.000000000000000 0.000000000000000 0.610000 1.090000
1.284893467504460 0.455851848636261 0.610000 1.120000
0.455709434424345 1.285145993136166 0.610000 1.120000
0.000000000000000 0.000000000000000 0.610000 1.120000
1.303946233566051 0.445666985003580 0.610000 1.130000
0.445601370671018 1.304078964406046 0.610000 1.130000
0.000000000000000 0.000000000000000 0.610000 1.130000
1.322470891085913 0.436036094974189 0.610000 1.140000
0.435963676524146 1.322593707523586 0.610000 1.140000
0.000000000000000 0.000000000000000 0.610000 1.140000
1.340823003430532 0.426858326221951 0.610000 1.150000
0.426847758492778 1.340851133501388 0.610000 1.150000
0.000000000000000 0.000000000000000 0.610000 1.150000
1.358902081176646 0.418163645770589 0.610000 1.160000
0.418153700654520 1.358919424073193 0.610000 1.160000
0.000000000000000 0.000000000000000 0.610000 1.160000
0.793956305804424 0.773912097570731 0.620000 1.040000
0.416048322443862 1.357011489461081 0.620000 1.040000
0.000000000000000 0.000000000000000 0.620000 1.040000
0.818188973504265 0.754616283615968 0.620000 1.050000
0.414525915679579 1.361606330391606 0.620000 1.050000
0.000000000000000 0.000000000000000 0.620000 1.050000
0.844898587903794 0.733368490741935 0.620000 1.060000
0.413348324070926 1.365653987988671 0.620000 1.060000
0.000000000000000 0.000000000000000 0.620000 1.060000
0.875310933419589 0.710091778757823 0.620000 1.070000
0.412525588536416 1.368327011390443 0.620000 1.070000
0.000000000000000 0.000000000000000 0.620000 1.070000
1.284936288280804 0.455828711243312 0.620000 1.110000
0.455714859782354 1.285136167994509 0.620000 1.110000
0.000000000000000 0.000000000000000 0.620000 1.110000
1.303958320212266 0.445661076714579 0.620000 1.120000
0.445602635948416 1.304077671699224 0.620000 1.120000
0.000000000000000 0.000000000000000 0.620000 1.120000
1.322519187690048 0.436010660732742 0.620000 1.130000
0.435974533513352 1.322575002191077 0.620000 1.130000
0.000000000000000 0.000000000000000 0.620000 1.130000
1.340822154310691 0.426858580445623 0.620000 1.140000
0.426845353445251 1.340854511404830 0.620000 1.140000
0.000000000000000 0.000000000000000 0.620000 1.140000
1.358875773638890 0.418178642580223 0.620000 1.150000
0.418150989403392 1.358925571827907 0.620000 1.150000
0.000000000000000 0.000000000000000 0.620000 1.150000
0.784168557559106 0.781990744912435 0.630000 1.020000
0.416723726234839 1.354700019000952 0.630000 1.020000
0.000000000000000 0.000000000000000 0.630000 1.020000
0.806409806692198 0.763926312880828 0.630000 1.030000
0.415229242194570 1.359533588853616 0.630000 1.030000
0.000000000000000 0.000000000000000 0.630000 1.030000
0.830954800592207 0.744474898004197 0.630000 1.040000
0.413891302245852 1.363658761404711 0.630000 1.040000
0.000000000000000 0.000000000000000 0.630000 1.040000
0.858047234015119 0.723097137705877 0.630000 1.050000
0.412933696778623 1.367129782746051 0.630000 1.050000
0.000000000000000 0.000000000000000 0.630000 1.050000
0.889185094106028 0.699837193772189 0.630000 1.060000
0.412306525098766 1.368910805092574 0.630000 1.060000
0.000000000000000 0.000000000000000 0.630000 1.060000
1.284925103740432 0.455834599996641 0.630000 1.100000
0.455707789966365 1.285149129020851 0.630000 1.100000
0.000000000000000 0.000000000000000 0.630000 1.100000
1.303951140854560 0.445664719668512 0.630000 1.110000
0.445595522102236 1.304090462251196 0.630000 1.110000
0.000000000000000 0.000000000000000 0.630000 1.110000
1.322502835614598 0.436019584201459 0.630000 1.120000
0.435970989433817 1.322581447051617 0.630000 1.120000
0.000000000000000 0.000000000000000 0.630000 1.120000
1.340810104175227 0.426864887124849 0.630000 1.130000
0.426841339852342 1.340862156537016 0.630000 1.130000
0.000000000000000 0.000000000000000 0.630000 1.130000
1.358891225036978 0.418170518073402 0.630000 1.140000
0.418156165376022 1.358916579190373 0.630000 1.140000
0.000000000000000 0.000000000000000 0.630000 1.140000
0.795962721872829 0.772284421480322 0.640000 1.010000
0.415912351094032 1.357450296744199 0.640000 1.010000
0.000000000000000 0.000000000000000 0.640000 1.010000
0.818629942777754 0.754267736968262 0.640000 1.020000
0.414511208166262 1.361662531470358 0.640000 1.020000
0.000000000000000 0.000000000000000 0.640000 1.020000
0.843315732736840 0.734620912467498 0.640000 1.030000
0.413398480240310 1.365454378406609 0.640000 1.030000
0.000000000000000 0.000000000000000 0.640000 1.030000
0.870998279609517 0.713299045303668 0.640000 1.040000
0.412606831486074 1.368106146031213 0.640000 1.040000
0.000000000000000 0.000000000000000 0.640000 1.040000
1.284951186796144 0.455820815762890 0.640000 1.090000
0.455718986331456 1.285129518429831 0.640000 1.090000
0.000000000000000 0.000000000000000 0.640000 1.090000
1.303963125124726 0.445658390540895 0.640000 1.100000
0.445596885162042 1.304088027487789 0.640000 1.100000
0.000000000000000 0.000000000000000 0.640000 1.100000
1.322526281859927 0.436006914828815 0.640000 1.110000
0.435972795307018 1.322577748366885 0.640000 1.110000
0.000000000000000 0.000000000000000 0.640000 1.110000
1.340791994184096 0.426874461008311 0.640000 1.120000
0.426838582269820 1.340866556271212 0.640000 1.120000
0.000000000000000 0.000000000000000 0.640000 1.120000
1.358922289854553 0.418153828474961 0.640000 1.130000
0.418164336261389 1.358902133523024 0.640000 1.130000
0.000000000000000 0.000000000000000 0.640000 1.130000
0.786651527742679 0.779921613929817 0.650000 0.990000
0.416548933948944 1.355315730748779 0.650000 0.990000
0.000000000000000 0.000000000000000 0.650000 0.990000
0.807605060892247 0.762977962793426 0.650000 1.000000
0.415159900183458 1.359743145570550 0.650000 1.000000
0.000000000000000 0.000000000000000 0.650000 1.000000
0.830486304495548 0.744846629756249 0.650000 1.010000
0.413927749061530 1.363555928111611 0.650000 1.010000
0.000000000000000 0.000000000000000 0.650000 1.010000
0.855426830025906 0.725121110680870 0.650000 1.020000
0.413010261659054 1.366876082986925 0.650000 1.020000
0.000000000000000 0.000000000000000 0.650000 1.020000
0.883621783758661 0.703947531453369 0.650000 1.030000
0.412370230431971 1.368720560169135 0.650000 1.030000
0.000000000000000 0.000000000000000 0.650000 1.030000
1.303963639034559 0.445657914357535 0.650000 1.090000
0.445601619495851 1.304079258302287 0.650000 1.090000
0.000000000000000 0.000000000000000 0.650000 1.090000
1.322509571973548 0.436015618547789 0.650000 1.100000
0.435970463258562 1.322582364733424 0.650000 1.100000
0.000000000000000 0.000000000000000 0.650000 1.100000
1.340861981452225 0.426838557703581 0.650000 1.110000
0.426856253788344 1.340837656212704 0.650000 1.110000
0.000000000000000 0.000000000000000 0.650000 1.110000
1.358905031409097 0.418162310447858 0.650000 1.120000
0.418158542882721 1.358911114857946 0.650000 1.120000
0.000000000000000 0.000000000000000 0.650000 1.120000
0.797737799749100 0.770847837209853 0.660000 0.980000
0.415798285010552 1.357816192003476 0.660000 0.980000
0.000000000000000 0.000000000000000 0.660000 0.980000
0.819004794051420 0.753970741716122 0.660000 0.990000
0.414490490829587 1.361725286185419 0.660000 0.990000
0.000000000000000 0.000000000000000 0.660000 0.990000
0.841981134881776 0.735680184812585 0.660000 1.000000
0.413451358743394 1.365264773486929 0.660000 1.000000
0.000000000000000 0.000000000000000 0.660000 1.000000
0.867334026477476 0.716046154611308 0.660000 1.010000
0.412687565990632 1.367882562004323 0.660000 1.010000
0.000000000000000 0.000000000000000 0.660000 1.010000
0.896064457372766 0.694742439746648 0.660000 1.020000
0.412273916863974 1.369087700905441 0.660000 1.020000
0.000000000000000 0.000000000000000 0.660000 1.020000
1.303940467461174 0.445670135647241 0.660000 1.080000
0.445594761882942 1.304091118877474 0.660000 1.080000
0.000000000000000 0.000000000000000 0.660000 1.080000
1.322505029050773 0.436018243718324 0.660000 1.090000
0.435970519560803 1.322582336316932 0.660000 1.090000
0.000000000000000 0.000000000000000 0.660000 1.090000
1.340804115407696 0.426868559648399 0.660000 1.100000
0.426839856076512 1.340865298848569 0.660000 1.100000
0.000000000000000 0.000000000000000 0.660000 1.100000
1.358886996803411 0.418172639173808 0.660000 1.110000
0.418152212718620 1.358923509380067 0.660000 1.110000
0.000000000000000 0.000000000000000 0.660000 1.110000
0.788864261617973 0.778087380560802 0.670000 0.960000
0.416395154681187 1.355848560417817 0.670000 0.960000
0.000000000000000 0.000000000000000 0.670000 0.960000
0.808648493644855 0.762152111780989 0.670000 0.970000
0.415093378437051 1.359936336314625 0.670000 0.970000
0.000000000000000 0.000000000000000 0.670000 0.970000
0.830086477991759 0.745167335643170 0.670000 0.980000
0.413937524997470 1.363510453152345 0.670000 0.980000
0.000000000000000 0.000000000000000 0.670000 0.980000
0.853237443763351 0.726816115923867 0.670000 0.990000
0.413087924108403 1.366622659723782 0.670000 0.990000
0.000000000000000 0.000000000000000 0.670000 0.990000
0.879023852284049 0.707341498222931 0.670000 1.000000
0.412443005360898 1.368528050410115 0.670000 1.000000
0.000000000000000 0.000000000000000 0.670000 1.000000
1.322491023498001 0.436025783087310 0.670000 1.080000
0.435967482556824 1.322587688810693 0.670000 1.080000
0.000000000000000 0.000000000000000 0.670000 1.080000
1.340798668236049 0.426871754417383 0.670000 1.090000
0.426844819206756 1.340857045291378 0.670000 1.090000
0.000000000000000 0.000000000000000 0.670000 1.090000
1.358886608162809 0.418172684306170 0.670000 1.100000
0.418156575397882 1.358915193267372 0.670000 1.100000
0.000000000000000 0.000000000000000 0.670000 1.100000
0.799294084700799 0.769594629384289 0.680000 0.950000
0.415690155855835 1.358145650983039 0.680000 0.950000
0.000000000000000 0.000000000000000 0.680000 0.950000
0.819342594138060 0.753700770644276 0.680000 0.960000
0.414471057702317 1.361781848556708 0.680000 0.960000
0.000000000000000 0.000000000000000 0.680000 0.960000
0.840838471457313 0.736584774374927 0.680000 0.970000
0.413509166381092 1.365074306439371 0.680000 0.970000
0.000000000000000 0.000000000000000 0.680000 0.970000
0.864275303587303 0.718348888754634 0.680000 0.980000
0.412769798253034 1.367648717765854 0.680000 0.980000
0.000000000000000 0.000000000000000 0.680000 0.980000
0.890461889201868 0.698891324308864 0.680000 0.990000
0.412304207550018 1.368933477669730 0.680000 0.990000
0.000000000000000 0.000000000000000 0.680000 0.990000
1.358938833199917 0.418145610409578 0.680000 1.090000
0.418171345930349 1.358890743640465 0.680000 1.090000
0.000000000000000 0.000000000000000 0.680000 1.090000
0.790841682378816 0.776455594502989 0.690000 0.930000
0.416271015939541 1.356286890340812 0.690000 0.930000
0.000000000000000 0.000000000000000 0.690000 0.930000
0.809595975996668 0.761395709073278 0.690000 0.940000
0.415053791371430 1.360069074251308 0.690000 0.940000
0.000000000000000 0.000000000000000 0.690000 0.940000
0.829722265016872 0.745457843494163 0.690000 0.950000
0.413960327790969 1.363442005869713 0.690000 0.950000
0.000000000000000 0.000000000000000 0.690000 0.950000
0.851309841778738 0.728321996502500 0.690000 0.960000
0.413137600359666 1.366431262888046 0.690000 0.960000
0.000000000000000 0.000000000000000 0.690000 0.960000
0.875103156245331 0.710250315884900 0.690000 0.970000
0.412511450380061 1.368351982458336 0.690000 0.970000
0.000000000000000 0.000000000000000 0.690000 0.970000
0.800695002748506 0.768468187865221 0.700000 0.920000
0.415617711874645 1.358390544945131 0.700000 0.920000
0.000000000000000 0.000000000000000 0.700000 0.920000
0.819657211260566 0.753446212445002 0.700000 0.930000
0.414467826165474 1.361805510892939 0.700000 0.930000
0.000000000000000 0.000000000000000 0.700000 0.930000
0.839807232567018 0.737408375732112 0.700000 0.940000
0.413536362436551 1.364953435220648 0.700000 0.940000
0.000000000000000 0.000000000000000 0.700000 0.940000
0.861619845574930 0.720368239480394 0.700000 0.950000
0.412829902071606 1.367457281170840 0.700000 0.950000
0.000000000000000 0.000000000000000 0.700000 0.950000
0.885714331774540 0.702403958646458 0.700000 0.960000
0.412343719275875 1.368796202159613 0.700000 0.960000
0.000000000000000 0.000000000000000 0.700000 0.960000
0.792601767955655 0.775016206847231 0.710000 0.900000
0.416149557995814 1.356692097667101 0.710000 0.900000
0.000000000000000 0.000000000000000 0.710000 0.900000
0.810417763240347 0.760743631929594 0.710000 0.910000
0.414994748001723 1.360230961291165 0.710000 0.910000
0.000000000000000 0.000000000000000 0.710000 0.910000
0.829408649823784 0.745709304277949 0.710000 0.920000
0.413973024036770 1.363397130853232 0.710000 0.920000
0.000000000000000 0.000000000000000 0.710000 0.920000
0.849664904662793 0.729605306262480 0.710000 0.930000
0.413202802563655 1.366213700124568 0.710000 0.930000
0.000000000000000 0.000000000000000 0.710000 0.930000
0.871737777830903 0.712751033486730 0.710000 0.940000
0.412589297261022 1.368153750565225 0.710000 0.940000
0.000000000000000 0.000000000000000 0.710000 0.940000
0.895972005329622 0.694807685967999 0.710000 0.950000
0.412285268165048 1.369062111200427 0.710000 0.950000
0.000000000000000 0.000000000000000 0.710000 0.950000
1.358925712593618 0.418151518399151 0.710000 1.060000
0.418161547663340 1.358906490669641 0.710000 1.060000
0.000000000000000 0.000000000000000 0.710000 1.060000
0.785244959650129 0.781066803419110 0.720000 0.880000
0.416695009113710 1.354863374956407 0.720000 0.880000
0.000000000000000 0.000000000000000 0.720000 0.880000
0.801938561667705 0.767478371774514 0.720000 0.890000
0.415516022569532 1.358677145324893 0.720000 0.890000
0.000000000000000 0.000000000000000 0.720000 0.890000
0.819902533180293 0.753258085046578 0.720000 0.900000
0.414439516031090 1.361877528030912 0.720000 0.900000
0.000000000000000 0.000000000000000 0.720000 0.900000
0.838916339882778 0.738119047888330 0.720000 0.910000
0.413579959293891 1.364810067785660 0.720000 0.910000
0.000000000000000 0.000000000000000 0.720000 0.910000
0.859303586509016 0.722135871271064 0.720000 0.920000
0.412898544510391 1.367246314202552 0.720000 0.920000
0.000000000000000 0.000000000000000 0.720000 0.920000
0.881658695566570 0.705394550510465 0.720000 0.930000
0.412409366139899 1.368622527359075 0.720000 0.930000
0.000000000000000 0.000000000000000 0.720000 0.930000
1.358914858557502 0.418157504023757 0.720000 1.050000
0.418157993064228 1.358913167826628 0.720000 1.050000
0.000000000000000 0.000000000000000 0.720000 1.050000
0.794200432895884 0.773705413614593 0.730000 0.870000
0.416052886208547 1.357021917164647 0.730000 0.870000
0.000000000000000 0.000000000000000 0.730000 0.870000
0.811171453899397 0.760138820793228 0.730000 0.880000
0.414974132928825 1.360313660078777 0.730000 0.880000
0.000000000000000 0.000000000000000 0.730000 0.880000
0.829145398038755 0.745912707485207 0.730000 0.890000
0.413994632078583 1.363333528592273 0.730000 0.890000
0.000000000000000 0.000000000000000 0.730000 0.890000
0.848195485100460 0.730760905970033 0.730000 0.900000
0.413239073767721 1.366059912741997 0.730000 0.900000
0.000000000000000 0.000000000000000 0.730000 0.900000
0.868819794564897 0.714930739506692 0.730000 0.910000
0.412643526406911 1.367996454676237 0.730000 0.910000
0.000000000000000 0.000000000000000 0.730000 0.910000
0.891284467287318 0.698282233496418 0.730000 0.920000
0.412293696181934 1.368964993704894 0.730000 0.920000
0.000000000000000 0.000000000000000 0.730000 0.920000
1.304051038176665 0.445611145930402 0.730000 1.010000
0.445623440285312 1.304039877799069 0.730000 1.010000
0.000000000000000 0.000000000000000 0.730000 1.010000
1.322577906460278 0.435979763425469 0.730000 1.020000
0.435987155548555 1.322552725899608 0.730000 1.020000
0.000000000000000 0.000000000000000 0.730000 1.020000
1.340831792171233 0.426853418771530 0.730000 1.030000
0.426842852438837 1.340859897057671 0.730000 1.030000
0.000000000000000 0.000000000000000 0.730000 1.030000
1.358904590697641 0.418163102332985 0.730000 1.040000
0.418161968728330 1.358905830645317 0.730000 1.040000
0.000000000000000 0.000000000000000 0.730000 1.040000
0.787119490352144 0.779504328730108 0.740000 0.850000
0.416561697162532 1.355324841955308 0.740000 0.850000
0.000000000000000 0.000000000000000 0.740000 0.850000
0.803100767992707 0.766527512923896 0.740000 0.860000
0.415488547356818 1.358803530877815 0.740000 0.860000
0.000000000000000 0.000000000000000 0.740000 0.860000
0.820169358415481 0.753029198263004 0.740000 0.870000
0.414469606839920 1.361829203391521 0.740000 0.870000
0.000000000000000 0.000000000000000 0.740000 0.870000
0.838128752611861 0.738742422653827 0.740000 0.880000
0.413616106302195 1.364682674143737 0.740000 0.880000
0.000000000000000 0.000000000000000 0.740000 0.880000
0.857273831991142 0.723696246565618 0.740000 0.890000
0.412959214710159 1.367052945668943 0.740000 0.890000
0.000000000000000 0.000000000000000 0.740000 0.890000
0.878129372458328 0.708002265693819 0.740000 0.900000
0.412478206738074 1.368451811243399 0.740000 0.900000
0.000000000000000 0.000000000000000 0.740000 0.900000
0.900899800439594 0.691145149200211 0.740000 0.910000
0.412291213122859 1.369154775918424 0.740000 0.910000
0.000000000000000 0.000000000000000 0.740000 0.910000
1.265504272352545 0.466284055384757 0.740000 0.980000
0.466361753730054 1.265371058294170 0.740000 0.980000
0.000000000000000 0.000000000000000 0.740000 0.980000
1.285047178259930 0.455769310061443 0.740000 0.990000
0.455732415661467 1.285104566645952 0.740000 0.990000
0.000000000000000 0.000000000000000 0.740000 0.990000
1.304055500249516 0.445608848091111 0.740000 1.000000
0.445625525349860 1.304036179075335 0.740000 1.000000
0.000000000000000 0.000000000000000 0.740000 1.000000
1.322564588042590 0.435986506239143 0.740000 1.010000
0.435983900250870 1.322558574318071 0.740000 1.010000
0.000000000000000 0.000000000000000 0.740000 1.010000
1.340857153955649 0.426839823540149 0.740000 1.020000
0.426852271449755 1.340842949696123 0.740000 1.020000
0.000000000000000 0.000000000000000 0.740000 1.020000
1.358913479940384 0.418157672472646 0.740000 1.030000
0.418159424892836 1.358909404422845 0.740000 1.030000
0.000000000000000 0.000000000000000 0.740000 1.030000
0.795677184247943 0.772484886113955 0.750000 0.840000
0.415983307541892 1.357275097670512 0.750000 0.840000
0.000000000000000 0.000000000000000 0.750000 0.840000
0.811803604455201 0.759653845587666 0.750000 0.850000
0.414911112611332 1.360478438383425 0.750000 0.850000
0.000000000000000 0.000000000000000 0.750000 0.850000
0.828914041152295 0.746086117212534 0.750000 0.860000
0.414021880853034 1.363258926449015 0.750000 0.860000
0.000000000000000 0.000000000000000 0.750000 0.860000
0.846911491364033 0.731763126053128 0.750000 0.870000
0.413308498078519 1.365844568854981 0.750000 0.870000
0.000000000000000 0.000000000000000 0.750000 0.870000
0.866229503476780 0.716872848209544 0.750000 0.880000
0.412719928589678 1.367793596606849 0.750000 0.880000
0.000000000000000 0.000000000000000 0.750000 0.880000
0.887175113076999 0.701321413220301 0.750000 0.890000
0.412341746148767 1.368817676280320 0.750000 0.890000
0.000000000000000 0.000000000000000 0.750000 0.890000
1.265509304937257 0.466281128691097 0.750000 0.970000
0.466357674767087 1.265378020871740 0.750000 0.970000
0.000000000000000 0.000000000000000 0.750000 0.970000
1.285146993626679 0.455714808781283 0.750000 0.980000
0.455754031427867 1.285063947763645 0.750000 0.980000
0.000000000000000 0.000000000000000 0.750000 0.980000
1.304082284536137 0.445594089502110 0.750000 0.990000
0.445627434981306 1.304032513042855 0.750000 0.990000
0.000000000000000 0.000000000000000 0.750000 0.990000
1.322587524378902 0.435974604542813 0.750000 1.000000
0.435988260961595 1.322550991541317 0.750000 1.000000
0.000000000000000 0.000000000000000 0.750000 1.000000
1.340848276478918 0.426844750546104 0.750000 1.010000
0.426848569431347 1.340850070391680 0.750000 1.010000
0.000000000000000 0.000000000000000 0.750000 1.010000
1.358904348419821 0.418163079934164 0.750000 1.020000
0.418159740019112 1.358909618820137 0.750000 1.020000
0.000000000000000 0.000000000000000 0.750000 1.020000
0.804127581143104 0.765706178571014 0.760000 0.830000
0.415425513943498 1.358993550329325 0.760000 0.830000
0.000000000000000 0.000000000000000 0.760000 0.830000
0.820383306465021 0.752854804781126 0.760000 0.840000
0.414461846305992 1.361855277961068 0.760000 0.840000
0.000000000000000 0.000000000000000 0.760000 0.840000
0.837429745124105 0.739292729914530 0.760000 0.850000
0.413656936596374 1.364550526093341 0.760000 0.850000
0.000000000000000 0.000000000000000 0.760000 0.850000
0.855506536558076 0.725047089450896 0.760000 0.860000
0.413031753159825 1.366831239906336 0.760000 0.860000
0.000000000000000 0.000000000000000 0.760000 0.860000
0.875018744010621 0.710301929732784 0.760000 0.870000
0.412529625615225 1.368311706199359 0.760000 0.870000
0.000000000000000 0.000000000000000 0.760000 0.870000
0.895962083448987 0.694823417447799 0.760000 0.880000
0.412268901790009 1.369098421029439 0.760000 0.880000
0.000000000000000 0.000000000000000 0.760000 0.880000
1.265564936054155 0.466250917436928 0.760000 0.960000
0.466379599392712 1.265338212207005 0.760000 0.960000
0.000000000000000 0.000000000000000 0.760000 0.960000
1.285148289546707 0.455714498295701 0.760000 0.970000
0.455759604607451 1.285054187861312 0.760000 0.970000
0.000000000000000 0.000000000000000 0.760000 0.970000
1.304064166749853 0.445603592436216 0.760000 0.980000
0.445626881918861 1.304033206018914 0.760000 0.980000
0.000000000000000 0.000000000000000 0.760000 0.980000
1.322564642799343 0.435986667411527 0.760000 0.990000
0.435976829251670 1.322571636717029 0.760000 0.990000
0.000000000000000 0.000000000000000 0.760000 0.990000
1.340833336804365 0.426853036253138 0.760000 1.000000
0.426845073351012 1.340856305198826 0.760000 1.000000
0.000000000000000 0.000000000000000 0.760000 1.000000
1.358893586719655 0.418169048082391 0.760000 1.010000
0.418154066925116 1.358920097461416 0.760000 1.010000
0.000000000000000 0.000000000000000 0.760000 1.010000
0.812441587662637 0.759126494311761 0.770000 0.820000
0.414904373002673 1.360520829198434 0.770000 0.820000
0.000000000000000 0.000000000000000 0.770000 0.820000
0.828699630090065 0.746251802279603 0.770000 0.830000
0.414041458094143 1.363203560825358 0.770000 0.830000
0.000000000000000 0.000000000000000 0.770000 0.830000
0.845739753597647 0.732689820151254 0.770000 0.840000
0.413349114563377 1.365695871828313 0.770000 0.840000
0.000000000000000 0.000000000000000 0.770000 0.840000
0.883594569358050 0.703958792941870 0.770000 0.860000
0.412394223216574 1.368670842598713 0.770000 0.860000
0.000000000000000 0.000000000000000 0.770000 0.860000
1.265510033623809 0.466280948270666 0.770000 0.950000
0.466371194502995 1.265353860375655 0.770000 0.950000
0.000000000000000 0.000000000000000 0.770000 0.950000
1.285141867855707 0.455717878783185 0.770000 0.960000
0.455763714578864 1.285046963042721 0.770000 0.960000
0.000000000000000 0.000000000000000 0.770000 0.960000
1.304054998756333 0.445608932871736 0.770000 0.970000
0.445623843069727 1.304038713525477 0.770000 0.970000
0.000000000000000 0.000000000000000 0.770000 0.970000
1.322578472824597 0.435979361685329 0.770000 0.980000
0.435988902054783 1.322549396010587 0.770000 0.980000
0.000000000000000 0.000000000000000 0.770000 0.980000
1.340863140436376 0.426837175903027 0.770000 0.990000
0.426857432496724 1.340834603032590 0.770000 0.990000
0.000000000000000 0.000000000000000 0.770000 0.990000
1.358911629803719 0.418158866177590 0.770000 1.000000
0.418157813302106 1.358912598731710 0.770000 1.000000
0.000000000000000 0.000000000000000 0.770000 1.000000
0.836800100189291 0.739789773446640 0.780000 0.820000
0.413689716184127 1.364439874694683 0.780000 0.820000
0.000000000000000 0.000000000000000 0.780000 0.820000
0.853911095278335 0.726281147471703 0.780000 0.830000
0.413095839794685 1.366634199631327 0.780000 0.830000
0.000000000000000 0.000000000000000 0.780000 0.830000
1.265529260346899 0.466270560536339 0.780000 0.940000
0.466373071194620 1.265350280237332 0.780000 0.940000
0.000000000000000 0.000000000000000 0.780000 0.940000
1.285132092013060 0.455723345599569 0.780000 0.950000
0.455760704523033 1.285052225754479 0.780000 0.950000
0.000000000000000 0.000000000000000 0.780000 0.950000
1.304078477920009 0.445596229470233 0.780000 0.960000
0.445628445026588 1.304030889513216 0.780000 0.960000
0.000000000000000 0.000000000000000 0.780000 0.960000
1.322571605202314 0.435982765325696 0.780000 0.970000
0.435983058484033 1.322559841357625 0.780000 0.970000
0.000000000000000 0.000000000000000 0.780000 0.970000
1.340854124358418 0.426841676858007 0.780000 0.980000
0.426849351495978 1.340848505926123 0.780000 0.980000
0.000000000000000 0.000000000000000 0.780000 0.980000
1.358915523899724 0.418156860506740 0.780000 0.990000
0.418160996535000 1.358907064226057 0.780000 0.990000
0.000000000000000 0.000000000000000 0.780000 0.990000
1.367303107802134 0.412882017674573 0.790000 0.810000
0.721545617296627 0.860063078963985 0.790000 0.810000
0.000000000000000 0.000000000000000 0.790000 0.810000
1.368731651652675 0.412365240241251 0.790000 0.820000
0.702849742116561 0.885109828043006 0.790000 0.820000
0.000000000000000 0.000000000000000 0.790000 0.820000
1.265544070804435 0.466262292643459 0.790000 0.930000
0.466376277111223 1.265344232136877 0.790000 0.930000
0.000000000000000 0.000000000000000 0.790000 0.930000
1.285141867089079 0.455717930796010 0.790000 0.940000
0.455765395008538 1.285043808985720 0.790000 0.940000
0.000000000000000 0.000000000000000 0.790000 0.940000
1.304074954527979 0.445598352756485 0.790000 0.950000
0.445634117395803 1.304020090385358 0.790000 0.950000
0.000000000000000 0.000000000000000 0.790000 0.950000
1.322585449706812 0.435975336701962 0.790000 0.960000
0.435990680903330 1.322545827919648 0.790000 0.960000
0.000000000000000 0.000000000000000 0.790000 0.960000
1.340834180979665 0.426852574281583 0.790000 0.970000
0.426850386065962 1.340846421396731 0.790000 0.970000
0.000000000000000 0.000000000000000 0.790000 0.970000
1.358909201546435 0.418160398655731 0.790000 0.980000
0.418158998663963 1.358910869178912 0.790000 0.980000
0.000000000000000 0.000000000000000 0.790000 0.980000
1.366536577597007 0.413113067314640 0.800000 0.800000
0.727422870798326 0.852438331158119 0.800000 0.800000
0.000000000000000 0.000000000000000 0.800000 0.800000
1.368448348769677 0.412469544139013 0.800000 0.810000
0.708469995388930 0.877511696826678 0.800000 0.810000
0.000000000000000 0.000000000000000 0.800000 0.810000
1.265539078027200 0.466265383579075 0.800000 0.920000
0.466388456898886 1.265322491323967 0.800000 0.920000
0.000000000000000 0.000000000000000 0.800000 0.920000
1.285138679805687 0.455719382855587 0.800000 0.930000
0.455759639111664 1.285053794500755 0.800000 0.930000
0.000000000000000 0.000000000000000 0.800000 0.930000
1.304077492834417 0.445596486040807 0.800000 0.940000
0.445630068818378 1.304026858685791 0.800000 0.940000
0.000000000000000 0.000000000000000 0.800000 0.940000
1.322598487849165 0.435968297211815 0.800000 0.950000
0.435995003275891 1.322537717177399 0.800000 0.950000
0.000000000000000 0.000000000000000 0.800000 0.950000
1.340839229430628 0.426850219699084 0.800000 0.960000
0.426852984033516 1.340842518284181 0.800000 0.960000
0.000000000000000 0.000000000000000 0.800000 0.960000
1.358914556551181 0.418157107164141 0.800000 0.970000
0.418160041849651 1.358908276752359 0.800000 0.970000
0.000000000000000 0.000000000000000 0.800000 0.970000
0.860066481729731 0.721548403819758 0.810000 0.790000
0.412882209436768 1.367303807348085 0.810000 0.790000
0.000000000000000 0.000000000000000 0.810000 0.790000
0.877508419793413 0.708467226561510 0.810000 0.800000
0.412472247748252 1.368457430467330 0.810000 0.800000
0.000000000000000 0.000000000000000 0.810000 0.800000
1.369060283353936 0.412283989780084 0.810000 0.810000
0.694705578308754 0.896108010773181 0.810000 0.810000
0.000000000000000 0.000000000000000 0.810000 0.810000
1.285153962725584 0.455711272545649 0.810000 0.920000
0.455773255119872 1.285029052599343 0.810000 0.920000
0.000000000000000 0.000000000000000 0.810000 0.920000
1.304077170003962 0.445596715769026 0.810000 0.930000
0.445629447618500 1.304028263769445 0.810000 0.930000
0.000000000000000 0.000000000000000 0.810000 0.930000
1.322589099169688 0.435973730970525 0.810000 0.940000
0.435995496772239 1.322537716973357 0.810000 0.940000
0.000000000000000 0.000000000000000 0.810000 0.940000
1.340854403272422 0.426841551064412 0.810000 0.950000
0.426852522936620 1.340843084718309 0.810000 0.950000
0.000000000000000 0.000000000000000 0.810000 0.950000
1.358913590390658 0.418157959258169 0.810000 0.960000
0.418158710908219 1.358911228540556 0.810000 0.960000
0.000000000000000 0.000000000000000 0.810000 0.960000
1.360513102236823 0.414902025952464 0.820000 0.770000
0.759129193046216 0.812444483022867 0.820000 0.770000
0.000000000000000 0.000000000000000 0.820000 0.770000
1.364442968145625 0.413690672323486 0.820000 0.780000
0.739783634268658 0.836793145263620 0.820000 0.780000
0.000000000000000 0.000000000000000 0.820000 0.780000
0.885106168640896 0.702846696070937 0.820000 0.790000
0.412367802581801 1.368740296821749 0.820000 0.790000
0.000000000000000 0.000000000000000 0.820000 0.790000
1.285116967133524 0.455731355571716 0.820000 0.910000
0.455753118251365 1.285066069005759 0.820000 0.910000
0.000000000000000 0.000000000000000 0.820000 0.910000
1.304033306441234 0.445620584632719 0.820000 0.920000
0.445616751685188 1.304051748906210 0.820000 0.920000
0.000000000000000 0.000000000000000 0.820000 0.920000
1.322577472922806 0.435979901279803 0.820000 0.930000
0.435988958251122 1.322549504178260 0.820000 0.930000
0.000000000000000 0.000000000000000 0.820000 0.930000
1.340825610042934 0.426857826366295 0.820000 0.940000
0.426846700255096 1.340854668916458 0.820000 0.940000
0.000000000000000 0.000000000000000 0.820000 0.940000
1.358917430358725 0.418156289397988 0.820000 0.950000
0.418164117993104 1.358902245511977 0.820000 0.950000
0.000000000000000 0.000000000000000 0.820000 0.950000
1.358987144082463 0.415423558963211 0.830000 0.760000
0.765707736748298 0.804129224950760 0.830000 0.760000
0.000000000000000 0.000000000000000 0.830000 0.760000
1.363202940164315 0.414041287088941 0.830000 0.770000
0.746249300367395 0.828696852109524 0.830000 0.770000
0.000000000000000 0.000000000000000 0.830000 0.770000
1.366636754207140 0.413096630143159 0.830000 0.780000
0.726275810242243 0.853904761907527 0.830000 0.780000
0.000000000000000 0.000000000000000 0.830000 0.780000
1.285128003819646 0.455725075486768 0.830000 0.900000
0.455756449224953 1.285059339375338 0.830000 0.900000
0.000000000000000 0.000000000000000 0.830000 0.900000
1.304064082304251 0.445603574773927 0.830000 0.910000
0.445625199660800 1.304036099547359 0.830000 0.910000
0.000000000000000 0.000000000000000 0.830000 0.910000
1.322584019178597 0.435975998823335 0.830000 0.920000
0.435989943010459 1.322547015195989 0.830000 0.920000
0.000000000000000 0.000000000000000 0.830000 0.920000
1.340818228844370 0.426861132193017 0.830000 0.930000
0.426843906672098 1.340858510850907 0.830000 0.930000
0.000000000000000 0.000000000000000 0.830000 0.930000
1.358902424390326 0.418164347685516 0.830000 0.940000
0.418155126507875 1.358918309798536 0.830000 0.940000
0.000000000000000 0.000000000000000 0.830000 0.940000
1.357273388892376 0.415982783942077 0.840000 0.750000
0.772483056130305 0.795675306611246 0.840000 0.750000
0.000000000000000 0.000000000000000 0.840000 0.750000
1.361850075363665 0.414460277521965 0.840000 0.760000
0.752855988356415 0.820384601683041 0.840000 0.760000
0.000000000000000 0.000000000000000 0.840000 0.760000
1.365700343850024 0.413350486239909 0.840000 0.770000
0.732682477826970 0.845731246350576 0.840000 0.770000
0.000000000000000 0.000000000000000 0.840000 0.770000
1.285140562743845 0.455718336674113 0.840000 0.890000
0.455765633693444 1.285042389140298 0.840000 0.890000
0.000000000000000 0.000000000000000 0.840000 0.890000
1.304073978143107 0.445598215349621 0.840000 0.900000
0.445632418601733 1.304022715595774 0.840000 0.900000
0.000000000000000 0.000000000000000 0.840000 0.900000
1.322533958638646 0.436003705017189 0.840000 0.910000
0.435972580218098 1.322580244190218 0.840000 0.910000
0.000000000000000 0.000000000000000 0.840000 0.910000
1.340829093424348 0.426855307746320 0.840000 0.920000
0.426841848777218 1.340862251743671 0.840000 0.920000
0.000000000000000 0.000000000000000 0.840000 0.920000
1.358911268384410 0.418159530717176 0.840000 0.930000
0.418159243940047 1.358910916599759 0.840000 0.930000
0.000000000000000 0.000000000000000 0.840000 0.930000
1.355327784061511 0.416562602917932 0.850000 0.740000
0.779498876525801 0.787113991552356 0.850000 0.740000
0.000000000000000 0.000000000000000 0.850000 0.740000
1.360470665309269 0.414908750966676 0.850000 0.750000
0.759656553447251 0.811806505306998 0.850000 0.750000
0.000000000000000 0.000000000000000 0.850000 0.750000
1.364553836768897 0.413657958409052 0.850000 0.760000
0.739286371966655 0.837422531224303 0.850000 0.760000
0.000000000000000 0.000000000000000 0.850000 0.760000
1.285141754157827 0.455718013108055 0.850000 0.880000
0.455771555150767 1.285032165062078 0.850000 0.880000
0.000000000000000 0.000000000000000 0.850000 0.880000
1.304077027152399 0.445596972849459 0.850000 0.890000
0.445639972565077 1.304009012162031 0.850000 0.890000
0.000000000000000 0.000000000000000 0.850000 0.890000
1.322574853293696 0.435980881839761 0.850000 0.900000
0.435982754961057 1.322560505586078 0.850000 0.900000
0.000000000000000 0.000000000000000 0.850000 0.900000
1.340839124598900 0.426849653876411 0.850000 0.910000
0.426848153773341 1.340850150011615 0.850000 0.910000
0.000000000000000 0.000000000000000 0.850000 0.910000
1.358896539223420 0.418167783694580 0.850000 0.920000
0.418154463355232 1.358920088184152 0.850000 0.920000
0.000000000000000 0.000000000000000 0.850000 0.920000
1.358797526391729 0.415486713954652 0.860000 0.740000
0.766528702172153 0.803102021518527 0.860000 0.740000
0.000000000000000 0.000000000000000 0.860000 0.740000
1.363258468709835 0.414021759476226 0.860000 0.750000
0.746083514716474 0.828911149705294 0.860000 0.750000
0.000000000000000 0.000000000000000 0.860000 0.750000
1.366833000199621 0.413032303058828 0.860000 0.760000
0.725042314914939 0.855500839618040 0.860000 0.760000
0.000000000000000 0.000000000000000 0.860000 0.760000
1.368661873539463 0.412391561291100 0.860000 0.770000
0.703961928003483 0.883598331680260 0.860000 0.770000
0.000000000000000 0.000000000000000 0.860000 0.770000
1.285131721759594 0.455723385750001 0.860000 0.870000
0.455758358531790 1.285056350173689 0.860000 0.870000
0.000000000000000 0.000000000000000 0.860000 0.870000
1.304055140869746 0.445608797701010 0.860000 0.880000
0.445627908925859 1.304031264414380 0.860000 0.880000
0.000000000000000 0.000000000000000 0.860000 0.880000
1.322570413439812 0.435983896787530 0.860000 0.890000
0.435986910179102 1.322553366840964 0.860000 0.890000
0.000000000000000 0.000000000000000 0.860000 0.890000
1.340830855791737 0.426854204880654 0.860000 0.900000
0.426843853594941 1.340858596365279 0.860000 0.900000
0.000000000000000 0.000000000000000 0.860000 0.900000
1.358909852910845 0.418160185546567 0.860000 0.910000
0.418161551686089 1.358906598757689 0.860000 0.910000
0.000000000000000 0.000000000000000 0.860000 0.910000
1.357021073218060 0.416052627477507 0.870000 0.730000
0.773702993215386 0.794197955581161 0.870000 0.730000
0.000000000000000 0.000000000000000 0.870000 0.730000
1.361823924284610 0.414468014691654 0.870000 0.740000
0.753030463021285 0.820170741380848 0.870000 0.740000
0.000000000000000 0.000000000000000 0.870000 0.740000
1.365848952876808 0.413309842832836 0.870000 0.750000
0.731755910466282 0.846903104930707 0.870000 0.750000
0.000000000000000 0.000000000000000 0.870000 0.750000
1.368303130244831 0.412527070737381 0.870000 0.760000
0.710304177447428 0.875021370610876 0.870000 0.760000
0.000000000000000 0.000000000000000 0.870000 0.760000
1.285062130366263 0.455760908760431 0.870000 0.860000
0.455720838484165 1.285125943648582 0.870000 0.860000
0.000000000000000 0.000000000000000 0.870000 0.860000
1.304066416996167 0.445602766693282 0.870000 0.870000
0.445634369844916 1.304019338215676 0.870000 0.870000
0.000000000000000 0.000000000000000 0.870000 0.870000
1.322564983317765 0.435986443215956 0.870000 0.880000
0.435982102101840 1.322561314866076 0.870000 0.880000
0.000000000000000 0.000000000000000 0.870000 0.880000
1.340846538544143 0.426845543489961 0.870000 0.890000
0.426853844675664 1.340840371661409 0.870000 0.890000
0.000000000000000 0.000000000000000 0.870000 0.890000
1.358909040899094 0.418160830897449 0.870000 0.900000
0.418159516684449 1.358910615802320 0.870000 0.900000
0.000000000000000 0.000000000000000 0.870000 0.900000
1.354866882914154 0.416696090206946 0.880000 0.720000
0.781060795935001 0.785238926500665 0.880000 0.720000
0.000000000000000 0.000000000000000 0.880000 0.720000
1.360305840060466 0.414971755799213 0.880000 0.730000
0.760141520242451 0.811174341762643 0.880000 0.730000
0.000000000000000 0.000000000000000 0.880000 0.730000
1.364686211842740 0.413617196707646 0.880000 0.740000
0.738735829430838 0.838121258902363 0.880000 0.740000
0.000000000000000 0.000000000000000 0.880000 0.740000
1.367789096086501 0.412718593269187 0.880000 0.750000
0.716872528501336 0.866229011050155 0.880000 0.750000
0.000000000000000 0.000000000000000 0.880000 0.750000
1.369094273074965 0.412267705866433 0.880000 0.760000
0.694823400363291 0.895961880981399 0.880000 0.760000
0.000000000000000 0.000000000000000 0.880000 0.760000
1.285037965673030 0.455774113480405 0.880000 0.850000
0.455715457917785 1.285135952966855 0.880000 0.850000
0.000000000000000 0.000000000000000 0.880000 0.850000
1.304024064730785 0.445625568769942 0.880000 0.860000
0.445611137556460 1.304062339081352 0.880000 0.860000
0.000000000000000 0.000000000000000 0.880000 0.860000
1.322568222311330 0.435984443298951 0.880000 0.870000
0.435984103837119 1.322558081515521 0.880000 0.870000
0.000000000000000 0.000000000000000 0.880000 0.870000
1.340842277962085 0.426847853458713 0.880000 0.880000
0.426848741025378 1.340849640608905 0.880000 0.880000
0.000000000000000 0.000000000000000 0.880000 0.880000
1.358896357739765 0.418168080609245 0.880000 0.890000
0.418151520944286 1.358925776438752 0.880000 0.890000
0.000000000000000 0.000000000000000 0.880000 0.890000
1.358671644813139 0.415514342512910 0.890000 0.720000
0.767479293646080 0.801939532342538 0.890000 0.720000
0.000000000000000 0.000000000000000 0.890000 0.720000
1.363333225469984 0.413994557595952 0.890000 0.730000
0.745909912630166 0.829142291067470 0.890000 0.730000
0.000000000000000 0.000000000000000 0.890000 0.730000
1.367053835465080 0.412959502131181 0.890000 0.740000
0.723692307994193 0.857269095719870 0.890000 0.740000
0.000000000000000 0.000000000000000 0.890000 0.740000
1.368809665815306 0.412339377781888 0.890000 0.750000
0.701324243401081 0.887178512145520 0.890000 0.750000
0.000000000000000 0.000000000000000 0.890000 0.750000
1.285048184006684 0.455768189643093 0.890000 0.840000
0.455715784256189 1.285134769483590 0.890000 0.840000
0.000000000000000 0.000000000000000 0.890000 0.840000
1.304001794881846 0.445637626484706 0.890000 0.850000
0.445599318553041 1.304084241920897 0.890000 0.850000
0.000000000000000 0.000000000000000 0.890000 0.850000
1.322560276427681 0.435989252100228 0.890000 0.860000
0.435981555941526 1.322563507083950 0.890000 0.860000
0.000000000000000 0.000000000000000 0.890000 0.860000
1.340834831553364 0.426852208749288 0.890000 0.870000
0.426847182011331 1.340852087105285 0.890000 0.870000
0.000000000000000 0.000000000000000 0.890000 0.870000
1.358926236641146 0.418151757758013 0.890000 0.880000
0.418167844561996 1.358895900573138 0.890000 0.880000
0.000000000000000 0.000000000000000 0.890000 0.880000
1.356692227677608 0.416149597951631 0.900000 0.710000
0.775013083667761 0.792598581016808 0.900000 0.710000
0.000000000000000 0.000000000000000 0.900000 0.710000
1.361872189995620 0.414437906030055 0.900000 0.720000
0.753259396555587 0.819903966168508 0.900000 0.720000
0.000000000000000 0.000000000000000 0.900000 0.720000
1.366064082595918 0.413240353136674 0.900000 0.730000
0.730753903670815 0.848187318228147 0.900000 0.730000
0.000000000000000 0.000000000000000 0.900000 0.730000
1.368442630441318 0.412475473583572 0.900000 0.740000
0.708005078811814 0.878132707033716 0.900000 0.740000
0.000000000000000 0.000000000000000 0.900000 0.740000
1.285065117057413 0.455758998514902 0.900000 0.830000
0.455722528734937 1.285122227618038 0.900000 0.830000
0.000000000000000 0.000000000000000 0.900000 0.830000
1.304015509246570 0.445630076211123 0.900000 0.840000
0.445600559216895 1.304081187834498 0.900000 0.840000
0.000000000000000 0.000000000000000 0.900000 0.840000
1.322567407662227 0.435985094427620 0.900000 0.850000
0.435978541073461 1.322567947138800 0.900000 0.850000
0.000000000000000 0.000000000000000 0.900000 0.850000
1.340853051928716 0.426842216390573 0.900000 0.860000
0.426855842859638 1.340836402368147 0.900000 0.860000
0.000000000000000 0.000000000000000 0.900000 0.860000
1.358911061533966 0.418159749130500 0.900000 0.870000
0.418160597515257 1.358908592117109 0.900000 0.870000
0.000000000000000 0.000000000000000 0.900000 0.870000
1.360223114485545 0.414992361735547 0.910000 0.710000
0.760746236704999 0.810420545473299 0.910000 0.710000
0.000000000000000 0.000000000000000 0.910000 0.710000
1.364813853607798 0.413581124796405 0.910000 0.720000
0.738112246962857 0.838908594882896 0.910000 0.720000
0.000000000000000 0.000000000000000 0.910000 0.720000
1.367990456886865 0.412641741987880 0.910000 0.730000
0.714931336756869 0.868820403439473 0.910000 0.730000
0.000000000000000 0.000000000000000 0.910000 0.730000
1.369153136629054 0.412290776347191 0.910000 0.740000
0.691142779586129 0.900896549794687 0.910000 0.740000
0.000000000000000 0.000000000000000 0.910000 0.740000
1.285071837382782 0.455755664010013 0.910000 0.820000
0.455728811967349 1.285111200776939 0.910000 0.820000
0.000000000000000 0.000000000000000 0.910000 0.820000
1.304028902393753 0.445622860302034 0.910000 0.830000
0.445605915790142 1.304071283769378 0.910000 0.830000
0.000000000000000 0.000000000000000 0.910000 0.830000
1.322587166439868 0.435974926263718 0.910000 0.840000
0.436001358338178 1.322527034902000 0.910000 0.840000
0.000000000000000 0.000000000000000 0.910000 0.840000
1.340844607039421 0.426846517023040 0.910000 0.850000
0.426851289274782 1.340844663176486 0.910000 0.850000
0.000000000000000 0.000000000000000 0.910000 0.850000
1.358907040904673 0.418161783095598 0.910000 0.860000
0.418159951319454 1.358909401431371 0.910000 0.860000
0.000000000000000 0.000000000000000 0.910000 0.860000
1.358385681793561 0.415616225365918 0.920000 0.700000
0.768468580254507 0.800695419071624 0.920000 0.700000
0.000000000000000 0.000000000000000 0.920000 0.700000
1.363397020788108 0.413973008321558 0.920000 0.710000
0.745706376081256 0.829405392252082 0.920000 0.710000
0.000000000000000 0.000000000000000 0.920000 0.710000
1.367246042906322 0.412898481600836 0.920000 0.720000
0.722132752305864 0.859299796997277 0.920000 0.720000
0.000000000000000 0.000000000000000 0.920000 0.720000
1.368958568660558 0.412291810122915 0.920000 0.730000
0.698284065053139 0.891286619632636 0.920000 0.730000
0.000000000000000 0.000000000000000 0.920000 0.730000
1.265315480841479 0.466386850598058 0.920000 0.800000
0.466266991735095 1.265546094769653 0.920000 0.800000
0.000000000000000 0.000000000000000 0.920000 0.800000
1.285034855626299 0.455775814383068 0.920000 0.810000
0.455708715401153 1.285148154764433 0.920000 0.810000
0.000000000000000 0.000000000000000 0.920000 0.810000
1.304044554175376 0.445614413057328 0.920000 0.820000
0.445622922693048 1.304040499681415 0.920000 0.820000
0.000000000000000 0.000000000000000 0.920000 0.820000
1.322553928125447 0.435992286093222 0.920000 0.830000
0.435973656010387 1.322577106817856 0.920000 0.830000
0.000000000000000 0.000000000000000 0.920000 0.830000
1.340856702822688 0.426840210170213 0.920000 0.840000
0.426856945690703 1.340834639819302 0.920000 0.840000
0.000000000000000 0.000000000000000 0.920000 0.840000
1.358920547907702 0.418154700056268 0.920000 0.850000
0.418167546179006 1.358896077225762 0.920000 0.850000
0.000000000000000 0.000000000000000 0.920000 0.850000
1.356287985036717 0.416271352210161 0.930000 0.690000
0.776451618106535 0.790837639331617 0.930000 0.690000
0.000000000000000 0.000000000000000 0.930000 0.690000
1.361800032548401 0.414466173115573 0.930000 0.700000
0.753447616918109 0.819658744712870 0.930000 0.700000
0.000000000000000 0.000000000000000 0.930000 0.700000
1.366217578925900 0.413203993586033 0.930000 0.710000
0.729598627201192 0.849657082644185 0.930000 0.710000
0.000000000000000 0.000000000000000 0.930000 0.710000
1.368613327783662 0.412406632616943 0.930000 0.720000
0.705397718344270 0.881662487797350 0.930000 0.720000
0.000000000000000 0.000000000000000 0.930000 0.720000
1.265337242353694 0.466374678620201 0.930000 0.790000
0.466263893170480 1.265551067205075 0.930000 0.790000
0.000000000000000 0.000000000000000 0.930000 0.790000
1.285059573469016 0.455762189124349 0.930000 0.800000
0.455716834800026 1.285132899145600 0.930000 0.800000
0.000000000000000 0.000000000000000 0.930000 0.800000
1.304021060980843 0.445627106448946 0.930000 0.810000
0.445599057128738 1.304084372328830 0.930000 0.810000
0.000000000000000 0.000000000000000 0.930000 0.810000
1.322556414796221 0.435991300541266 0.930000 0.820000
0.435977559169542 1.322570562675370 0.930000 0.820000
0.000000000000000 0.000000000000000 0.930000 0.820000
1.340852954911605 0.426842265783974 0.930000 0.830000
0.426862773324994 1.340823785042350 0.930000 0.830000
0.000000000000000 0.000000000000000 0.930000 0.830000
1.358911361645627 0.418159476166882 0.930000 0.840000
0.418159298654142 1.358910823879909 0.930000 0.840000
0.000000000000000 0.000000000000000 0.930000 0.840000
1.360061290468693 0.415051423225887 0.940000 0.690000
0.761398331628545 0.809598771847900 0.940000 0.690000
0.000000000000000 0.000000000000000 0.940000 0.690000
1.364957422080483 0.413537588637357 0.940000 0.700000
0.737401385608361 0.839799254540613 0.940000 0.700000
0.000000000000000 0.000000000000000 0.940000 0.700000
1.368146332620740 0.412587087628129 0.940000 0.710000
0.712752521134483 0.871739468133939 0.940000 0.710000
0.000000000000000 0.000000000000000 0.940000 0.710000
1.265343296803397 0.466371475001050 0.940000 0.780000
0.466272157131634 1.265536245870861 0.940000 0.780000
0.000000000000000 0.000000000000000 0.940000 0.780000
1.285049596381935 0.455767948234092 0.940000 0.790000
0.455715379047157 1.285136075399663 0.940000 0.790000
0.000000000000000 0.000000000000000 0.940000 0.790000
1.304019653840382 0.445627726956181 0.940000 0.800000
0.445598827521014 1.304084695472421 0.940000 0.800000
0.000000000000000 0.000000000000000 0.940000 0.800000
1.322544634165312 0.435997841270549 0.940000 0.810000
0.435971386550613 1.322582181828819 0.940000 0.810000
0.000000000000000 0.000000000000000 0.940000 0.810000
1.340849121886568 0.426845062183187 0.940000 0.820000
0.426859464687887 1.340831157518252 0.940000 0.820000
0.000000000000000 0.000000000000000 0.940000 0.820000
1.358918670567959 0.418155330404439 0.940000 0.830000
0.418164082464698 1.358901880061690 0.940000 0.830000
0.000000000000000 0.000000000000000 0.940000 0.830000
1.358141608063103 0.415688919403522 0.950000 0.680000
0.769594538501439 0.799293997673832 0.950000 0.680000
0.000000000000000 0.000000000000000 0.950000 0.680000
1.363442035717741 0.413960354512103 0.950000 0.690000
0.745454739689508 0.829718809473005 0.950000 0.690000
0.000000000000000 0.000000000000000 0.950000 0.690000
1.367455631653775 0.412829424160209 0.950000 0.700000
0.720366124280988 0.861617228198462 0.950000 0.700000
0.000000000000000 0.000000000000000 0.950000 0.700000
1.369057922692847 0.412284059931901 0.950000 0.710000
0.694807700397160 0.895971842623661 0.950000 0.710000
0.000000000000000 0.000000000000000 0.950000 0.710000
1.265346882608125 0.466369600426087 0.950000 0.770000
0.466282543944890 1.265517016601190 0.950000 0.770000
0.000000000000000 0.000000000000000 0.950000 0.770000
1.285058008327327 0.455763255785108 0.950000 0.780000
0.455720797814467 1.285126312584479 0.950000 0.780000
0.000000000000000 0.000000000000000 0.950000 0.780000
1.304012881634127 0.445631774198493 0.950000 0.790000
0.445600694835227 1.304082158789674 0.950000 0.790000
0.000000000000000 0.000000000000000 0.950000 0.790000
1.322544637886979 0.435997348949425 0.950000 0.800000
0.435965952734537 1.322591570359825 0.950000 0.800000
0.000000000000000 0.000000000000000 0.950000 0.800000
1.340837546795379 0.426850887735564 0.950000 0.810000
0.426843187716814 1.340859946076725 0.950000 0.810000
0.000000000000000 0.000000000000000 0.950000 0.810000
1.358902696817991 0.418164352199883 0.950000 0.820000
0.418156054193807 1.358916975514702 0.950000 0.820000
0.000000000000000 0.000000000000000 0.950000 0.820000
1.355850638572316 0.416395793646899 0.960000 0.670000
0.778082583433000 0.788859404921536 0.960000 0.670000
0.000000000000000 0.000000000000000 0.960000 0.670000
1.361776204190234 0.414469353722573 0.960000 0.680000
0.753702188374371 0.819344141201302 0.960000 0.680000
0.000000000000000 0.000000000000000 0.960000 0.680000
1.366434710418752 0.413138660778401 0.960000 0.690000
0.728315814187425 0.851302565871429 0.960000 0.690000
0.000000000000000 0.000000000000000 0.960000 0.690000
1.368787757197537 0.412341218484775 0.960000 0.700000
0.702406980870953 0.885717964658501 0.960000 0.700000
0.000000000000000 0.000000000000000 0.960000 0.700000
1.265331214126754 0.466377997719536 0.960000 0.760000
0.466252522270424 1.265571943927159 0.960000 0.760000
0.000000000000000 0.000000000000000 0.960000 0.760000
1.285052746914811 0.455766266423852 0.960000 0.770000
0.455715327649159 1.285136077780136 0.960000 0.770000
0.000000000000000 0.000000000000000 0.960000 0.770000
1.304023689551085 0.445626104729483 0.960000 0.780000
0.445598571283837 1.304085681412018 0.960000 0.780000
0.000000000000000 0.000000000000000 0.960000 0.780000
1.322552742261617 0.435993024444270 0.960000 0.790000
0.435972993571715 1.322578536345655 0.960000 0.790000
0.000000000000000 0.000000000000000 0.960000 0.790000
1.340836979154857 0.426851348449499 0.960000 0.800000
0.426851854442927 1.340844765913245 0.960000 0.800000
0.000000000000000 0.000000000000000 0.960000 0.800000
1.358911679334903 0.418158944921968 0.960000 0.810000
0.418157727805484 1.358913148003107 0.960000 0.810000
0.000000000000000 0.000000000000000 0.960000 0.810000
1.359928645206012 0.415091037416239 0.970000 0.670000
0.762154644733297 0.808651188438643 0.970000 0.670000
0.000000000000000 0.000000000000000 0.970000 0.670000
1.365078453972464 0.413510440915386 0.970000 0.680000
0.736577578690639 0.840830237995672 0.970000 0.680000
0.000000000000000 0.000000000000000 0.970000 0.680000
1.368343377883087 0.412508887392977 0.970000 0.690000
0.710252640614864 0.875105877544526 0.970000 0.690000
0.000000000000000 0.000000000000000 0.970000 0.690000
1.265371067610568 0.466356089987151 0.970000 0.750000
0.466282713197422 1.265516258187552 0.970000 0.750000
0.000000000000000 0.000000000000000 0.970000 0.750000
1.285059968778868 0.455762155252301 0.970000 0.760000
0.455711951085493 1.285142510335117 0.970000 0.760000
0.000000000000000 0.000000000000000 0.970000 0.760000
1.304031517812765 0.445621504211128 0.970000 0.770000
0.445611270831087 1.304062191345625 0.970000 0.770000
0.000000000000000 0.000000000000000 0.970000 0.770000
1.322566747029540 0.435985399113218 0.970000 0.780000
0.435980424708462 1.322564699524698 0.970000 0.780000
0.000000000000000 0.000000000000000 0.970000 0.780000
1.340840875119349 0.426848748232262 0.970000 0.790000
0.426854210501285 1.340839722008297 0.970000 0.790000
0.000000000000000 0.000000000000000 0.970000 0.790000
1.358908728447042 0.418160276166279 0.970000 0.800000
0.418156873360581 1.358914106447852 0.970000 0.800000
0.000000000000000 0.000000000000000 0.970000 0.800000
1.357813045776223 0.415797321982088 0.980000 0.660000
0.770847025985949 0.797736967608685 0.980000 0.660000
0.000000000000000 0.000000000000000 0.980000 0.660000
1.363510677029438 0.413937610671632 0.980000 0.670000
0.745164054184770 0.830082821289786 0.980000 0.670000
0.000000000000000 0.000000000000000 0.980000 0.670000
1.367645413134357 0.412768822055470 0.980000 0.680000
0.718347798910714 0.864273894601813 0.980000 0.680000
0.000000000000000 0.000000000000000 0.980000 0.680000
1.265364098893145 0.466360166543489 0.980000 0.740000
0.466285643357499 1.265511234630171 0.980000 0.740000
0.000000000000000 0.000000000000000 0.980000 0.740000
1.285069721490497 0.455756579151330 0.980000 0.750000
0.455712263369516 1.285141219399395 0.980000 0.750000
0.000000000000000 0.000000000000000 0.980000 0.750000
1.304026007575632 0.445624542128277 0.980000 0.760000
0.445605934230348 1.304071370485349 0.980000 0.760000
0.000000000000000 0.000000000000000 0.980000 0.760000
1.322556308608170 0.435991244992967 0.980000 0.770000
0.435977019794580 1.322571563266707 0.980000 0.770000
0.000000000000000 0.000000000000000 0.980000 0.770000
1.340842970123326 0.426847717022876 0.980000 0.780000
0.426843311078384 1.340859659521161 0.980000 0.780000
0.000000000000000 0.000000000000000 0.980000 0.780000
1.358911315230662 0.418159231229949 0.980000 0.790000
0.418160166714621 1.358908757589777 0.980000 0.790000
0.000000000000000 0.000000000000000 0.980000 0.790000
1.355318719194082 0.416549853906153 0.990000 0.650000
0.779916032696308 0.786645905017096 0.990000 0.650000
0.000000000000000 0.000000000000000 0.990000 0.650000
1.361719533768236 0.414488753819885 0.990000 0.660000
0.753972327668027 0.819006522529012 0.990000 0.660000
0.000000000000000 0.000000000000000 0.990000 0.660000
1.366625448297640 0.413088785141956 0.990000 0.670000
0.726810576150299 0.853230884319380 0.990000 0.670000
0.000000000000000 0.000000000000000 0.990000 0.670000
1.368926742759527 0.412302227615093 0.990000 0.680000
0.698893468356797 0.890464435128328 0.990000 0.680000
0.000000000000000 0.000000000000000 0.990000 0.680000
1.285110356512584 0.455734967831361 0.990000 0.740000
0.455766757755884 1.285041393851847 0.990000 0.740000
0.000000000000000 0.000000000000000 0.990000 0.740000
1.304025313251680 0.445625094745923 0.990000 0.750000
0.445596430912707 1.304089486796231 0.990000 0.750000
0.000000000000000 0.000000000000000 0.990000 0.750000
1.322578542796948 0.435979169989999 0.990000 0.760000
0.435984326352615 1.322557735851374 0.990000 0.760000
0.000000000000000 0.000000000000000 0.990000 0.760000
1.340829057661949 0.426855794872141 0.990000 0.770000
0.426838814183870 1.340868688409233 0.990000 0.770000
0.000000000000000 0.000000000000000 0.990000 0.770000
1.358907514042531 0.418161230285432 0.990000 0.780000
0.418156626816829 1.358915074146230 0.990000 0.780000
0.000000000000000 0.000000000000000 0.990000 0.780000
1.359735588995043 0.415157598622117 1.000000 0.650000
0.762980281614970 0.807607522830485 1.000000 0.650000
0.000000000000000 0.000000000000000 1.000000 0.650000
1.365269119916025 0.413452693266355 1.000000 0.660000
0.735672849875601 0.841972717751994 1.000000 0.660000
0.000000000000000 0.000000000000000 1.000000 0.660000
1.368518795413985 0.412440251452413 1.000000 0.670000
0.707344426182828 0.879027333141085 1.000000 0.670000
0.000000000000000 0.000000000000000 1.000000 0.670000
1.304028983628805 0.445623186588759 1.000000 0.740000
0.445611186782799 1.304062694999531 1.000000 0.740000
0.000000000000000 0.000000000000000 1.000000 0.740000
1.322557901607048 0.435990603071659 1.000000 0.750000
0.435972262962505 1.322580615689050 1.000000 0.750000
0.000000000000000 0.000000000000000 1.000000 0.750000
1.340850759232587 0.426843435663506 1.000000 0.760000
0.426854672876646 1.340838879116321 1.000000 0.760000
0.000000000000000 0.000000000000000 1.000000 0.760000
1.358913047900066 0.418158046809965 1.000000 0.770000
0.418158634706280 1.358911187370435 1.000000 0.770000
0.000000000000000 0.000000000000000 1.000000 0.770000
1.357448320125956 0.415911745619799 1.010000 0.640000
0.772282873949691 0.795961134156069 1.010000 0.640000
0.000000000000000 0.000000000000000 1.010000 0.640000
1.363556373480760 0.413927902122500 1.010000 0.650000
0.744843181750276 0.830482458213150 1.010000 0.650000
0.000000000000000 0.000000000000000 1.010000 0.650000
1.367877391255403 0.412686029455302 1.010000 0.660000
0.716046245294179 0.867334025573127 1.010000 0.660000
0.000000000000000 0.000000000000000 1.010000 0.660000
1.304032684787386 0.445621102328368 1.010000 0.730000
0.445613484053085 1.304058231345848 1.010000 0.730000
0.000000000000000 0.000000000000000 1.010000 0.730000
1.322565478112236 0.435986240282421 1.010000 0.740000
0.435984164584303 1.322557679243733 1.010000 0.740000
0.000000000000000 0.000000000000000 1.010000 0.740000
1.340844537418594 0.426846935852355 1.010000 0.750000
0.426846385451990 1.340853813740708 1.010000 0.750000
0.000000000000000 0.000000000000000 1.010000 0.750000
1.358920565014648 0.418154306018324 1.010000 0.760000
0.418168809846006 1.358893122450782 1.010000 0.760000
0.000000000000000 0.000000000000000 1.010000 0.760000
1.354703716602079 0.416724866149591 1.020000 0.630000
0.781984532516668 0.784162334242031 1.020000 0.630000
0.000000000000000 0.000000000000000 1.020000 0.630000
1.361656612160482 0.414509419968510 1.020000 0.640000
0.754269429146427 0.818631785189551 1.020000 0.640000
0.000000000000000 0.000000000000000 1.020000 0.640000
1.366877874490089 0.413010821184509 1.020000 0.650000
0.725116389661938 0.855421196944777 1.020000 0.650000
0.000000000000000 0.000000000000000 1.020000 0.650000
1.369083581830635 0.412272729725034 1.020000 0.660000
0.694742400583148 0.896064226158433 1.020000 0.660000
0.000000000000000 0.000000000000000 1.020000 0.660000
1.322559636807267 0.435989497915414 1.020000 0.730000
0.435977422376787 1.322570999462632 1.020000 0.730000
0.000000000000000 0.000000000000000 1.020000 0.730000
1.340837409190101 0.426850635438870 1.020000 0.740000
0.426841460156607 1.340862696687998 1.020000 0.740000
0.000000000000000 0.000000000000000 1.020000 0.740000
1.358910070425986 0.418159974306303 1.020000 0.750000
0.418162844890753 1.358903894419581 1.020000 0.750000
0.000000000000000 0.000000000000000 1.020000 0.750000
1.359526296938040 0.415227019880739 1.030000 0.630000
0.763928418440421 0.806412036855994 1.030000 0.630000
0.000000000000000 0.000000000000000 1.030000 0.630000
1.365458840191368 0.413399849331467 1.030000 0.640000
0.734613495635702 0.843307192793086 1.030000 0.640000
0.000000000000000 0.000000000000000 1.030000 0.640000
1.368711643946178 0.412367585021223 1.030000 0.650000
0.703950706403362 0.883625596187884 1.030000 0.650000
0.000000000000000 0.000000000000000 1.030000 0.650000
1.340854351360029 0.426841214847258 1.030000 0.730000
0.426855056980423 1.340837339501513 1.030000 0.730000
0.000000000000000 0.000000000000000 1.030000 0.730000
1.358909853012518 0.418159658253423 1.030000 0.740000
0.418157438821890 1.358913030332747 1.030000 0.740000
0.000000000000000 0.000000000000000 1.030000 0.740000
1.357010775455647 0.416048103527012 1.040000 0.620000
0.773909591828701 0.793953742356288 1.040000 0.620000
0.000000000000000 0.000000000000000 1.040000 0.620000
1.363659460122169 0.413891532290687 1.040000 0.630000
0.744471211057949 0.830950682958496 1.040000 0.630000
0.000000000000000 0.000000000000000 1.040000 0.630000
1.368099067813140 0.412604723448679 1.040000 0.640000
0.713300312529627 0.870999700932116 1.040000 0.640000
0.000000000000000 0.000000000000000 1.040000 0.640000
1.358906282485681 0.418162203071235 1.040000 0.730000
0.418162866923040 1.358904135370047 1.040000 0.730000
0.000000000000000 0.000000000000000 1.040000 0.730000
1.361600223486214 0.414524069980007 1.050000 0.620000
0.754618095450577 0.818190943938011 1.050000 0.620000
0.000000000000000 0.000000000000000 1.050000 0.620000
1.367130262528701 0.412933860596559 1.050000 0.630000
0.723093507954755 0.858042853299944 1.050000 0.630000
0.000000000000000 0.000000000000000 1.050000 0.630000
1.358913605236564 0.418158222982859 1.050000 0.720000
0.418157272530933 1.358914415938895 1.050000 0.720000
0.000000000000000 0.000000000000000 1.050000 0.720000
1.359241042981518 0.415328589481424 1.060000 0.610000
0.764984360190070 0.805069658542834 1.060000 0.610000
0.000000000000000 0.000000000000000 1.060000 0.610000
1.365658403835752 0.413349678412173 1.060000 0.620000
0.733361048512831 0.844889984402487 1.060000 0.620000
0.000000000000000 0.000000000000000 1.060000 0.620000
1.368903554669346 0.412304388661754 1.060000 0.630000
0.699839670026417 0.889188055669816 1.060000 0.630000
0.000000000000000 0.000000000000000 1.060000 0.630000
1.358906937686692 0.418161780571375 1.060000 0.710000
0.418151284761282 1.358925262851764 1.060000 0.710000
0.000000000000000 0.000000000000000 1.060000 0.710000
1.356440737233431 0.416232083054925 1.070000 0.600000
0.775726067801104 0.791707374873139 1.070000 0.600000
0.000000000000000 0.000000000000000 1.070000 0.600000
1.363742538210692 0.413868013298303 1.070000 0.610000
0.744039027712367 0.831491599523242 1.070000 0.610000
0.000000000000000 0.000000000000000 1.070000 0.610000
1.368318345745043 0.412523006912412 1.070000 0.620000
0.710094100381021 0.875313651698160 1.070000 0.620000
0.000000000000000 0.000000000000000 1.070000 0.620000
1.361456897096759 0.414581762804671 1.080000 0.600000
0.754977375842698 0.817722062470764 1.080000 0.600000
0.000000000000000 0.000000000000000 1.080000 0.600000
1.367392501805760 0.412853318444669 1.080000 0.610000
0.720736589207997 0.861124269278871 1.080000 0.610000
0.000000000000000 0.000000000000000 1.080000 0.610000
1.304083857584284 0.445592400214682 1.080000 0.660000
0.445672496362730 1.303947728541922 1.080000 0.660000
0.000000000000000 0.000000000000000 1.080000 0.660000
1.322594636327392 0.435969836980989 1.080000 0.670000
0.436023426720555 1.322484070904099 1.080000 0.670000
0.000000000000000 0.000000000000000 1.080000 0.670000
1.358915642152033 0.415441544353353 1.090000 0.590000
0.766218551193153 0.803504865295401 1.090000 0.590000
0.000000000000000 0.000000000000000 1.090000 0.590000
1.365844867293322 0.413310287181623 1.090000 0.600000
0.731850341903097 0.846788448615565 1.090000 0.600000
0.000000000000000 0.000000000000000 1.090000 0.600000
1.369074216178395 0.412275335928358 1.090000 0.610000
0.694806214402967 0.895974186394993 1.090000 0.610000
0.000000000000000 0.000000000000000 1.090000 0.610000
1.285135399031820 0.455721570040361 1.090000 0.640000
0.455818223518873 1.284945298738686 1.090000 0.640000
0.000000000000000 0.000000000000000 1.090000 0.640000
1.304072015635953 0.445599264238853 1.090000 0.650000
0.445660269582087 1.303970883599162 1.090000 0.650000
0.000000000000000 0.000000000000000 1.090000 0.650000
1.322589274876637 0.435972871043736 1.090000 0.660000
0.436015889789288 1.322498083685197 1.090000 0.660000
0.000000000000000 0.000000000000000 1.090000 0.660000
1.340851475908102 0.426843173984721 1.090000 0.670000
0.426873400968577 1.340804241067676 1.090000 0.670000
0.000000000000000 0.000000000000000 1.090000 0.670000
1.358891207177479 0.418171583931215 1.090000 0.680000
0.418145373164137 1.358938371338003 1.090000 0.680000
0.000000000000000 0.000000000000000 1.090000 0.680000
1.355834095460596 0.416410763256186 1.100000 0.580000
0.777917722823416 0.789044197899926 1.100000 0.580000
0.000000000000000 0.000000000000000 1.100000 0.580000
1.363791178943183 0.413864722047032 1.100000 0.590000
0.743493940952018 0.832163938462568 1.100000 0.590000
0.000000000000000 0.000000000000000 1.100000 0.590000
1.368557827004568 0.412429093242991 1.100000 0.600000
0.706178250599746 0.880602230834557 1.100000 0.600000
0.000000000000000 0.000000000000000 1.100000 0.600000
1.285155039216668 0.455710383625787 1.100000 0.630000
0.455831998758417 1.284919193094278 1.100000 0.630000
0.000000000000000 0.000000000000000 1.100000 0.630000
1.304080782256120 0.445594529006286 1.100000 0.640000
0.445660745407777 1.303970368664911 1.100000 0.640000
0.000000000000000 0.000000000000000 1.100000 0.640000
1.322589300144409 0.435972813713580 1.100000 0.650000
0.436013264772911 1.322502627018150 1.100000 0.650000
0.000000000000000 0.000000000000000 1.100000 0.650000
1.340859726841662 0.426838210094170 1.100000 0.660000
0.426870204829698 1.340809684025841 1.100000 0.660000
0.000000000000000 0.000000000000000 1.100000 0.660000
1.358915667509954 0.418156816604033 1.100000 0.670000
0.418172443512175 1.358886135774691 1.100000 0.670000
0.000000000000000 0.000000000000000 1.100000 0.670000
1.361360156833588 0.414612932038654 1.110000 0.580000
0.755446904486363 0.817127956525061 1.110000 0.580000
0.000000000000000 0.000000000000000 1.110000 0.580000
1.367663533163248 0.412767135204341 1.110000 0.590000
0.717857841734433 0.864915821177304 1.110000 0.590000
0.000000000000000 0.000000000000000 1.110000 0.590000
1.285142066611024 0.455717449724508 1.110000 0.620000
0.455826115383454 1.284930391744165 1.110000 0.620000
0.000000000000000 0.000000000000000 1.110000 0.620000
1.304083210609174 0.445593163743671 1.110000 0.630000
0.445667077431631 1.303958393145376 1.110000 0.630000
0.000000000000000 0.000000000000000 1.110000 0.630000
1.322584678538701 0.435975144000679 1.110000 0.640000
0.436004566826234 1.322519354337996 1.110000 0.640000
0.000000000000000 0.000000000000000 1.110000 0.640000
1.340832113792063 0.426854617131951 1.110000 0.650000
0.426840192678926 1.340867518955373 1.110000 0.650000
0.000000000000000 0.000000000000000 1.110000 0.650000
1.358923983913832 0.418152453945873 1.110000 0.660000
0.418172397971254 1.358886522983614 1.110000 0.660000
0.000000000000000 0.000000000000000 1.110000 0.660000
1.358552254764623 0.415563019338850 1.120000 0.570000
0.767697218227677 0.801647980646946 1.120000 0.570000
0.000000000000000 0.000000000000000 1.120000 0.570000
1.366182939211767 0.413204800599556 1.120000 0.580000
0.730149138485415 0.848966009166171 1.120000 0.580000
0.000000000000000 0.000000000000000 1.120000 0.580000
1.285151932462514 0.455712038579134 1.120000 0.610000
0.455849237607780 1.284887532421549 1.120000 0.610000
0.000000000000000 0.000000000000000 1.120000 0.610000
1.304070424762327 0.445600279239261 1.120000 0.620000
0.445663432529103 1.303965566536985 1.120000 0.620000
0.000000000000000 0.000000000000000 1.120000 0.620000
1.322588388793698 0.435973341944997 1.120000 0.630000
0.436017230439851 1.322495890770189 1.120000 0.630000
0.000000000000000 0.000000000000000 1.120000 0.630000
1.340860973836906 0.426836932958273 1.120000 0.640000
0.426876110350874 1.340797575681672 1.120000 0.640000
0.000000000000000 0.000000000000000 1.120000 0.640000
1.358911568008020 0.418158777641409 1.120000 0.650000
0.418162074163416 1.358904573342791 1.120000 0.650000
0.000000000000000 0.000000000000000 1.120000 0.650000
1.355080949026582 0.416628859222401 1.130000 0.560000
0.780481752426813 0.785946523768117 1.130000 0.560000
0.000000000000000 0.000000000000000 1.130000 0.560000
1.363969227697388 0.413802060140361 1.130000 0.570000
0.742943660322560 0.832868580042986 1.130000 0.570000
0.000000000000000 0.000000000000000 1.130000 0.570000
1.368858602099164 0.412314598285760 1.130000 0.580000
0.701366656921232 0.887131767938370 1.130000 0.580000
0.000000000000000 0.000000000000000 1.130000 0.580000
1.285095063906773 0.455743423403177 1.130000 0.600000
0.455752847913596 1.285067142024263 1.130000 0.600000
0.000000000000000 0.000000000000000 1.130000 0.600000
1.304071708152382 0.445599010786065 1.130000 0.610000
0.445669344377235 1.303953490600671 1.130000 0.610000
0.000000000000000 0.000000000000000 1.130000 0.610000
1.322581933791532 0.435976882698103 1.130000 0.620000
0.436008309610025 1.322512250660560 1.130000 0.620000
0.000000000000000 0.000000000000000 1.130000 0.620000
1.340856593068817 0.426839696579197 1.130000 0.630000
0.426866531306379 1.340815669845227 1.130000 0.630000
0.000000000000000 0.000000000000000 1.130000 0.630000
1.358902587042285 0.418164571145682 1.130000 0.640000
0.418153594016497 1.358921837402352 1.130000 0.640000
0.000000000000000 0.000000000000000 1.130000 0.640000
1.361299245278376 0.414622483950854 1.140000 0.560000
0.756078824690922 0.816347300822762 1.140000 0.560000
0.000000000000000 0.000000000000000 1.140000 0.560000
1.368048923671584 0.412619057840520 1.140000 0.570000
0.714402999418250 0.869533185523020 1.140000 0.570000
0.000000000000000 0.000000000000000 1.140000 0.570000
1.304031765544895 0.445621486368571 1.140000 0.600000
0.445595320311158 1.304091317917971 1.140000 0.600000
0.000000000000000 0.000000000000000 1.140000 0.600000
1.322600667535275 0.435966035080648 1.140000 0.610000
0.436033733887763 1.322463924420547 1.140000 0.610000
0.000000000000000 0.000000000000000 1.140000 0.610000
1.340848950810322 0.426843711091913 1.140000 0.620000
0.426860220261544 1.340827706409812 1.140000 0.620000
0.000000000000000 0.000000000000000 1.140000 0.620000
1.358917048044282 0.418156404884002 1.140000 0.630000
0.418170279491086 1.358890759674536 1.140000 0.630000
0.000000000000000 0.000000000000000 1.140000 0.630000
1.358185201793456 0.415670082260416 1.150000 0.550000
0.769558855511362 0.799349118949502 1.150000 0.550000
0.000000000000000 0.000000000000000 1.150000 0.550000
1.366508445136247 0.413113290033737 1.150000 0.560000
0.727983905019329 0.851733746544079 1.150000 0.560000
0.000000000000000 0.000000000000000 1.150000 0.560000
1.304046986002390 0.445613336752452 1.150000 0.590000
0.445629214139841 1.304029059351579 1.150000 0.590000
0.000000000000000 0.000000000000000 1.150000 0.590000
1.322572386350228 0.435982272908469 1.150000 0.600000
0.435983119255046 1.322560145344371 1.150000 0.600000
0.000000000000000 0.000000000000000 1.150000 0.600000
1.340845581756680 0.426846118909561 1.150000 0.610000
0.426859966483736 1.340828557002481 1.150000 0.610000
0.000000000000000 0.000000000000000 1.150000 0.610000
1.358926056845196 0.418151233884875 1.150000 0.620000
0.418178396712689 1.358875284914554 1.150000 0.620000
0.000000000000000 0.000000000000000 1.150000 0.620000
1.364113112384908 0.413760879188786 1.160000 0.550000
0.742181206139003 0.833818852429882 1.160000 0.550000
0.000000000000000 0.000000000000000 1.160000 0.550000
1.369086362147973 0.412269058677392 1.160000 0.560000
0.694996546892030 0.895727467159089 1.160000 0.560000
0.000000000000000 0.000000000000000 1.160000 0.560000
1.304052532447350 0.445610129983105 1.160000 0.580000
0.445649315988123 1.303991424880674 1.160000 0.580000
0.000000000000000 0.000000000000000 1.160000 0.580000
1.322580679297150 0.435978179353213 1.160000 0.590000
0.436004547647520 1.322520341058377 1.160000 0.590000
0.000000000000000 0.000000000000000 1.160000 0.590000
1.340846548400824 0.426845335772532 1.160000 0.600000
0.426860106132074 1.340827978007957 1.160000 0.600000
0.000000000000000 0.000000000000000 1.160000 0.600000
1.358919884290468 0.418153937538636 1.160000 0.610000
0.418163408564664 1.358901620202658 1.160000 0.610000
0.000000000000000 0.000000000000000 1.160000 0.610000
1.361146492635497 0.414674730219248 1.170000 0.540000
0.756777317685186 0.815466663194871 1.170000 0.540000
0.000000000000000 0.000000000000000 1.170000 0.540000
1.368379412044698 0.412494051278031 1.170000 0.550000
0.709907537038847 0.875576767820616 1.170000 0.550000
0.000000000000000 0.000000000000000 1.170000 0.550000
1.304043857123331 0.445614968175197 1.170000 0.570000
0.445629535974214 1.304028284037743 1.170000 0.570000
0.000000000000000 0.000000000000000 1.170000 0.570000
1.322572007754923 0.435982765769973 1.170000 0.580000
0.436001190510440 1.322526336215593 1.170000 0.580000
0.000000000000000 0.000000000000000 1.170000 0.580000
1.340837322551262 0.426850715033540 1.170000 0.590000
0.426852952544006 1.340842021053523 1.170000 0.590000
0.000000000000000 0.000000000000000 1.170000 0.590000
1.358916226674740 0.418156441636258 1.170000 0.600000
0.418159276287905 1.358910009158808 1.170000 0.600000
0.000000000000000 0.000000000000000 1.170000 0.600000
1.357623412789104 0.415852965692496 1.180000 0.530000
0.771718649904603 0.796667810153636 1.180000 0.530000
0.000000000000000 0.000000000000000 1.180000 0.530000
1.366877572006164 0.413008375117031 1.180000 0.540000
0.725240169619514 0.855265770880729 1.180000 0.540000
0.000000000000000 0.000000000000000 1.180000 0.540000
1.304047727177607 0.445612982102028 1.180000 0.560000
0.445618983534453 1.304048178053825 1.180000 0.560000
0.000000000000000 0.000000000000000 1.180000 0.560000
1.322566810002260 0.435985769601186 1.180000 0.570000
0.435977536798498 1.322570161795228 1.180000 0.570000
0.000000000000000 0.000000000000000 1.180000 0.570000
1.340840992326495 0.426849249145388 1.180000 0.580000
0.426846697272202 1.340854361116280 1.180000 0.580000
0.000000000000000 0.000000000000000 1.180000 0.580000
1.358915261539960 0.418156818929048 1.180000 0.590000
0.418163570609044 1.358901965664587 1.180000 0.590000
0.000000000000000 0.000000000000000 1.180000 0.590000
1.364287333797176 0.413714244813786 1.190000 0.530000
0.741256703033220 0.834979687135954 1.190000 0.530000
0.000000000000000 0.000000000000000 1.190000 0.530000
1.304049217098569 0.445612164869982 1.190000 0.550000
0.445630087953855 1.304027537183861 1.190000 0.550000
0.000000000000000 0.000000000000000 1.190000 0.550000
1.322571082898327 0.435983360898927 1.190000 0.560000
0.435980565549394 1.322565048879870 1.190000 0.560000
0.000000000000000 0.000000000000000 1.190000 0.560000
1.340847539861783 0.426844746385103 1.190000 0.570000
0.426862382850818 1.340823573145923 1.190000 0.570000
0.000000000000000 0.000000000000000 1.190000 0.570000
1.358914253173650 0.418157173420524 1.190000 0.580000
0.418158682674828 1.358910556147932 1.190000 0.580000
0.000000000000000 0.000000000000000 1.190000 0.580000
1.360970229453056 0.414731620785695 1.200000 0.520000
0.757633262816382 0.814381360472794 1.200000 0.520000
0.000000000000000 0.000000000000000 1.200000 0.520000
1.368737448753279 0.412355240872632 1.200000 0.530000
0.703882731786485 0.883723520524085 1.200000 0.530000
0.000000000000000 0.000000000000000 1.200000 0.530000
1.322567382617561 0.435985407726597 1.200000 0.550000
0.435984120327788 1.322559077723942 1.200000 0.550000
0.000000000000000 0.000000000000000 1.200000 0.550000
1.340834636861842 0.426852740354971 1.200000 0.560000
0.426841368978900 1.340863863283932 1.200000 0.560000
0.000000000000000 0.000000000000000 1.200000 0.560000
1.358918144511006 0.418155215174223 1.200000 0.570000
0.418163618796774 1.358901892870449 1.200000 0.570000
0.000000000000000 0.000000000000000 1.200000 0.570000
1.356918569523762 0.416071102395387 1.210000 0.510000
0.774356618979954 0.793408519025592 1.210000 0.510000
0.000000000000000 0.000000000000000 1.210000 0.510000
1.367318778607386 0.412872590474014 1.210000 0.520000
0.721655632084988 0.859927071394666 1.210000 0.520000
0.000000000000000 0.000000000000000 1.210000 0.520000
1.322568241295163 0.435984774177073 1.210000 0.540000
0.435990066638359 1.322546989536574 1.210000 0.540000
0.000000000000000 0.000000000000000 1.210000 0.540000
1.340844351336496 0.426846782086027 1.210000 0.550000
0.426859403191837 1.340829761642681 1.210000 0.550000
0.000000000000000 0.000000000000000 1.210000 0.550000
1.358910829263125 0.418159131025575 1.210000 0.560000
0.418158099403245 1.358911827053392 1.210000 0.560000
0.000000000000000 0.000000000000000 1.210000 0.560000
1.364505188255041 0.413656241832565 1.220000 0.510000
0.740020320595794 0.836523221284104 1.220000 0.510000
0.000000000000000 0.000000000000000 1.220000 0.510000
1.322574819646057 0.435981199112750 1.220000 0.530000
0.436011673458974 1.322507084683221 1.220000 0.530000
0.000000000000000 0.000000000000000 1.220000 0.530000
1.340836852678696 0.426851261795383 1.220000 0.540000
0.426848959668317 1.340849676583968 1.220000 0.540000
0.000000000000000 0.000000000000000 1.220000 0.540000
1.358912242610153 0.418158859598285 1.220000 0.550000
0.418163830606955 1.358902284241206 1.220000 0.550000
0.000000000000000 0.000000000000000 1.220000 0.550000
1.360739191265614 0.414808835490855 1.230000 0.500000
0.758756964678803 0.812967024110197 1.230000 0.500000
0.000000000000000 0.000000000000000 1.230000 0.500000
1.369087623260812 0.412265206914733 1.230000 0.510000
0.695127087483998 0.895548785256162 1.230000 0.510000
0.000000000000000 0.000000000000000 1.230000 0.510000
1.322575319098194 0.435981042420692 1.230000 0.520000
0.436006898671163 1.322515995288934 1.230000 0.520000
0.000000000000000 0.000000000000000 1.230000 0.520000
1.340841577110089 0.426848573128311 1.230000 0.530000
0.426855184128620 1.340837967248497 1.230000 0.530000
0.000000000000000 0.000000000000000 1.230000 0.530000
1.358915014610639 0.418157033567821 1.230000 0.540000
0.418166024633760 1.358897605823338 1.230000 0.540000
0.000000000000000 0.000000000000000 1.230000 0.540000
1.355994378418000 0.416345792595878 1.240000 0.490000
0.777757539273262 0.789267470017836 1.240000 0.490000
0.000000000000000 0.000000000000000 1.240000 0.490000
1.367837173026550 0.412696618835372 1.240000 0.500000
0.716719817835061 0.866439084311115 1.240000 0.500000
0.000000000000000 0.000000000000000 1.240000 0.500000
1.322563468413709 0.435987641699067 1.240000 0.510000
0.435980261778515 1.322566168739568 1.240000 0.510000
0.000000000000000 0.000000000000000 1.240000 0.510000
1.340839988661540 0.426850556544305 1.240000 0.520000
0.426854704832613 1.340840509681664 1.240000 0.520000
0.000000000000000 0.000000000000000 1.240000 0.520000
1.358911711267524 0.418159163105425 1.240000 0.530000
0.418163931886565 1.358902218476486 1.240000 0.530000
0.000000000000000 0.000000000000000 1.240000 0.530000
1.364814646173053 0.413569895423426 1.250000 0.490000
0.738414904511332 0.838538601771839 1.250000 0.490000
0.000000000000000 0.000000000000000 1.250000 0.490000
1.340846125557421 0.426846473067286 1.250000 0.510000
0.426848936094705 1.340849894689324 1.250000 0.510000
0.000000000000000 0.000000000000000 1.250000 0.510000
1.358907071433060 0.418161791852490 1.250000 0.520000
0.418156360871935 1.358916187758540 1.250000 0.520000
0.000000000000000 0.000000000000000 1.250000 0.520000
1.360420201552667 0.414916379235582 1.260000 0.480000
0.760181186341608 0.811158606273547 1.260000 0.480000
0.000000000000000 0.000000000000000 1.260000 0.480000
1.340840291637901 0.426849451219307 1.260000 0.500000
0.426853948564617 1.340840999883822 1.260000 0.500000
0.000000000000000 0.000000000000000 1.260000 0.500000
1.358916010682727 0.418156495818025 1.260000 0.510000
0.418169918532712 1.358890387367655 1.260000 0.510000
0.000000000000000 0.000000000000000 1.260000 0.510000
1.340855778166259 0.426839060766190 1.270000 0.490000
0.426895789141315 1.340759880709090 1.270000 0.490000
0.000000000000000 0.000000000000000 1.270000 0.490000
1.358906080587023 0.418161631976923 1.270000 0.500000
0.418161135020729 1.358905906145114 1.270000 0.500000
0.000000000000000 0.000000000000000 1.270000 0.500000
1.358909164901887 0.418160981470763 1.280000 0.490000
0.418157428711242 1.358914772437018 1.280000 0.490000
0.000000000000000 0.000000000000000 1.280000 0.490000
