0.370000000000000 1.240000000000001 0.376315583636790 0.440350069092587 0.369345965970690 1.322618462453170 0.369348906643862 1.322609771474361
0.380000000000000 0.500000000000000 0.380490790963423 0.445132082038924 0.372713434299132 1.314920405583226 0.380490450679642 0.445127710986149
0.380000000000000 0.510000000000000 0.380581210592629 0.445236724873829 0.372784685649352 1.314765848648415 0.380580122277547 0.445236840881344
0.380000000000000 0.520000000000000 0.380672785602467 0.445340930260563 0.372851484773258 1.314616536223923 0.380670507787240 0.445339958001193
0.380000000000000 0.530000000000000 0.380763544808913 0.445451904383378 0.372918356934349 1.314444156343838 0.380763025005471 0.445449440072697
0.380000000000000 0.540000000000000 0.380856370781201 0.445556015434163 0.372982603227834 1.314302182830792 0.380855490829794 0.445553578635937
0.380000000000000 0.550000000000000 0.380947019817488 0.445659979980987 0.373065277617845 1.314121017943388 0.380946819364624 0.445662280956623
0.380000000000000 0.560000000000000 0.381040690287545 0.445769710372815 0.373143005578715 1.313929468228543 0.381037252740289 0.445763968609592
0.380000000000000 0.570000000000000 0.381134062197648 0.445878125162263 0.373214671841036 1.313773913439326 0.381130668202573 0.445875651621247
0.380000000000000 0.580000000000000 0.381227473066663 0.445985074793753 0.373283737789907 1.313605757578950 0.381226389179836 0.445987680427957
0.380000000000000 0.590000000000000 0.381322866414676 0.446098597051890 0.373352495965547 1.313456190004368 0.381321648201927 0.446096107022327
0.380000000000000 0.600000000000000 0.381418656494376 0.446213190251607 0.373421003124728 1.313300969537349 0.381418173179913 0.446215143668089
0.380000000000000 0.610000000000000 0.381514915102582 0.446325846731485 0.373502387560551 1.313115206261099 0.381510352648914 0.446318930618697
0.380000000000000 0.620000000000000 0.381609386262711 0.446432921257311 0.373577531394862 1.312936999012754 0.381608037148969 0.446430429939060
0.380000000000000 0.630000000000000 0.381708253942326 0.446554544969778 0.373645924997983 1.312777395641599 0.381706184199710 0.446550488474894
0.380000000000000 0.640000000000000 0.381802982512374 0.446658372505777 0.373727948680566 1.312591121154688 0.381802902212641 0.446660207916814
0.380000000000000 0.650000000000000 0.381902995373105 0.446775873049268 0.373805826319657 1.312415939878816 0.381897681651993 0.446772677062344
0.380000000000000 0.660000000000000 0.382001288032979 0.446894797447982 0.373878934880739 1.312245963504664 0.381998528126104 0.446886584244861
0.380000000000000 0.670000000000000 0.382098559135771 0.447002499532995 0.373958612851798 1.312060991586823 0.382097988211016 0.447000464259080
0.380000000000000 0.680000000000000 0.382203680450489 0.447128565115821 0.374024623902230 1.311908805734698 0.382200379846769 0.447124845888638
0.380000000000000 0.690000000000000 0.382301198829764 0.447240480664276 0.374107057469999 1.311719173377925 0.382300789451889 0.447240101427917
0.380000000000000 0.700000000000000 0.382401729755746 0.447361695930275 0.374188214531273 1.311533547304163 0.382400297075889 0.447356506986694
0.380000000000000 0.710000000000000 0.382503445183161 0.447479579869051 0.374272278845073 1.311341470599264 0.382497651622738 0.447471710955646
0.380000000000000 0.720000000000000 0.382606155491608 0.447598736347145 0.374345347127267 1.311165862593845 0.382605033763384 0.447597355328105
0.380000000000000 0.730000000000000 0.382712474801433 0.447721394484183 0.374424473502138 1.310985898667517 0.382705591189957 0.447719256815881
0.380000000000000 0.740000000000000 0.382808970852635 0.447838765628849 0.374514460426121 1.310774171217599 0.382806811940600 0.447836273091239
0.380000000000000 0.750000000000000 0.382909767600290 0.447953635268453 0.374594490909752 1.310595187982502 0.374604372789128 1.310562738679842
0.380000000000000 0.760000000000000 0.383015942635074 0.448078060771734 0.374675631384677 1.310400388450710 0.374681002434157 1.310390139031248
0.380000000000000 0.770000000000000 0.383116845170653 0.448194453011626 0.374767335089878 1.310191809816893 0.374768579402875 1.310191110154807
0.380000000000000 0.780000000000000 0.383224168396040 0.448322899762970 0.374843408179552 1.310018290105919 0.374852210170798 1.309995684711026
0.380000000000000 0.790000000000000 0.383332951255396 0.448452516927176 0.374926018628712 1.309823646468987 0.374928732903918 1.309816440821924
0.380000000000000 0.800000000000000 0.383446649663488 0.448591050645181 0.375000801887317 1.309657953566421 0.375001710083903 1.309654616704380
0.380000000000000 0.810000000000000 0.383551864822298 0.448710199055563 0.375090425211127 1.309446270740161 0.375089402015448 1.309445784384080
0.380000000000000 0.820000000000001 0.383664383022511 0.448844128763755 0.375166308983573 1.309269016732893 0.375172676101009 1.309257683776411
0.380000000000000 0.830000000000001 0.383772118867315 0.448968261041718 0.375257728436402 1.309062830636784 0.375257098653450 1.309061177917197
0.380000000000000 0.840000000000001 0.383880658043181 0.449097011228041 0.375342551313502 1.308864089431201 0.375348635134680 1.308851331150279
0.380000000000000 0.850000000000001 0.383996938088547 0.449237914941991 0.375424452161973 1.308672801178221 0.375426490445849 1.308672226811344
0.380000000000000 0.860000000000001 0.384112815348425 0.449376669010231 0.375506381216137 1.308482052282589 0.375509813041740 1.308475505438894
0.380000000000000 0.870000000000001 0.384221638240059 0.449498654147904 0.375598791541921 1.308271405224797 0.375601244680571 1.308267266031376
0.380000000000000 0.880000000000001 0.384343106312564 0.449648159692417 0.375676927078090 1.308092284219706 0.375682545839253 1.308079024699733
0.380000000000000 0.890000000000001 0.384454764522846 0.449781250731113 0.375771122780114 1.307876986873491 0.375771548140553 1.307873738044833
0.380000000000000 0.900000000000001 0.384582284792195 0.449928746593552 0.375849939201430 1.307693500756881 0.384580384893747 0.449936192266073
0.380000000000000 0.910000000000001 0.384703967845295 0.450081705243416 0.375935229723446 1.307498754038471 0.384702132772480 0.450077059841320
0.380000000000000 0.920000000000001 0.384824194223208 0.450224829511042 0.376022971576535 1.307293831882269 0.384823790609511 0.450223854407165
0.380000000000000 0.950000000000001 0.385164010714762 0.450623473075848 0.376309982439684 1.306624672121714 0.376315246638449 1.306608029420088
0.380000000000000 0.960000000000001 0.385315274213096 0.450810067711652 0.376382194131131 1.306461715688656 0.376384583589460 1.306456858747014
0.380000000000000 0.970000000000001 0.385439415423787 0.450956870944037 0.376476159630237 1.306244487448131 0.376476370425092 1.306242897865382
0.380000000000000 0.980000000000001 0.385555024413562 0.451093915389081 0.376574712107307 1.306020162869783 0.376576970212540 1.306015156510635
0.380000000000000 0.990000000000001 0.385686129859834 0.451250261503397 0.376664062219386 1.305806391138632 0.376669855578336 1.305794250719927
0.380000000000000 1.000000000000001 0.385821926766715 0.451415703245399 0.376756097585992 1.305599438043620 0.376757548542955 1.305593784945055
0.380000000000000 1.010000000000001 0.385948651840281 0.451566462321630 0.376852389856826 1.305375960130591 0.376854689142794 1.305363602969937
0.380000000000000 1.020000000000001 0.386065635664334 0.451703735820471 0.376955409227473 1.305128528852197 0.376958304129591 1.305123813810664
0.380000000000000 1.030000000000001 0.386210867073041 0.451878936018707 0.377043339751699 1.304928375589335 0.377049508968930 1.304914994845943
0.380000000000000 1.040000000000001 0.386343737056514 0.452042908149088 0.377141232091621 1.304701822728232 0.377146771202281 1.304689844543333
0.380000000000000 1.050000000000001 0.386478420256477 0.452205671922485 0.377241882116871 1.304471539684040 0.377242660748345 1.304465640886180
0.380000000000000 1.060000000000001 0.386613227818100 0.452366286974565 0.377339797242191 1.304239974799045 0.377343918216467 1.304229842149654
0.380000000000000 1.070000000000001 0.386766425575799 0.452551587229326 0.377434482792884 1.304025046249903 0.377436034675562 1.304024773719978
0.380000000000000 1.080000000000001 0.386894626220397 0.452701093017814 0.377540017002957 1.303775905869707 0.377540842134364 1.303772830687734
0.380000000000000 1.090000000000001 0.387035924963791 0.452872582414242 0.377639481382576 1.303549495234005 0.377645437992251 1.303531641001866
0.380000000000000 1.100000000000001 0.387185053411668 0.453057568879270 0.377739524288772 1.303319353953303 0.377743447417927 1.303304222014513
0.380000000000000 1.110000000000001 0.387290133497668 0.453171913179939 0.377857808735141 1.303036231041243 0.377857202041663 1.303034805411634
0.380000000000000 1.120000000000001 0.387449799956134 0.453369737031185 0.377955765392535 1.302801319936706 0.377958373444247 1.302799608685071
0.380000000000000 1.130000000000001 0.387581425194935 0.453526447984482 0.378065927175570 1.302549354612462 0.378066511476671 1.302546140014527
0.380000000000000 1.140000000000001 0.387748416220287 0.453728955620135 0.378165233143226 1.302320532234530 0.378169683817780 1.302305235004637
0.380000000000000 1.150000000000001 0.387878595293434 0.453883098489252 0.378273561375831 1.302066960634506 0.378283960779073 1.302038687067902
0.380000000000000 1.160000000000001 0.388046196207397 0.454093248620832 0.378382350655352 1.301811978105641 0.378384822046324 1.301805847214141
0.380000000000000 1.170000000000001 0.388186206932702 0.454252871153236 0.378494459208223 1.301549323969578 0.378496448378343 1.301543364052964
0.380000000000000 1.180000000000001 0.388346921962444 0.454458680151140 0.378601316214138 1.301304159525836 0.378607862565320 1.301285989809112
0.380000000000000 1.190000000000001 0.388509112564048 0.454648090021469 0.378715645640117 1.301037681460446 0.378714589744806 1.301037638340384
0.380000000000000 1.200000000000001 0.388665350484686 0.454847899004676 0.378827634560865 1.300774068724410 0.378828707778116 1.300770076479818
0.380000000000000 1.210000000000001 0.388832718841461 0.455053403778194 0.378940504537681 1.300510327997267 0.378941771647433 1.300503442216142
0.380000000000000 1.220000000000001 0.388994112252855 0.455250550637216 0.379056107468317 1.300237979903592 0.379056585000159 1.300236575516787
0.380000000000000 1.230000000000001 0.389175624775941 0.455466451901230 0.379169911436131 1.299978004392299 0.379172167067160 1.299971303473119
0.390000000000000 0.500000000000000 0.368749101118710 0.434981824497883 0.509704021933896 0.866216187042594 0.368742315623066 0.434969540674982
0.390000000000000 0.520000000000000 0.390782053400689 0.457438905624463 0.380297385585208 1.297341884170386 0.390779748002658 0.457435247458337
0.390000000000000 0.530000000000000 0.390908624397729 0.457596198123281 0.380375189906862 1.297155879327750 0.390908181965015 0.457594712496112
0.390000000000000 0.540000000000000 0.391037361899555 0.457755391921325 0.380455723111673 1.296967381917230 0.391036593531607 0.457757028804132
0.390000000000000 0.550000000000000 0.391166882546253 0.457916745066631 0.380546062434671 1.296757429963009 0.391164761651043 0.457913481153358
0.390000000000000 0.560000000000000 0.391295186909303 0.458074853933841 0.380640928657022 1.296538289027094 0.391295144775989 0.458072221704363
0.390000000000000 0.570000000000000 0.391429625762447 0.458241165424341 0.380719024050872 1.296348734598226 0.391426382344125 0.458233632455409
0.390000000000000 0.580000000000000 0.391558769953704 0.458394756180252 0.380821303433777 1.296106517168887 0.391558541627100 0.458397943762827
0.390000000000000 0.590000000000000 0.391697027386809 0.458573314570858 0.380884850213241 1.295964637102526 0.391696837676525 0.458573147875278
0.390000000000000 0.600000000000000 0.391831811141025 0.458737326799345 0.380984985100823 1.295722152039116 0.391829133472749 0.458733283417212
0.390000000000000 0.610000000000000 0.391970878577468 0.458910626986699 0.381069754866619 1.295525414563808 0.391965471974753 0.458904618128717
0.390000000000000 0.620000000000000 0.392106479213402 0.459077638788482 0.381171873678513 1.295290008288369 0.392100989509716 0.459071966180588
0.390000000000000 0.630000000000000 0.392240942756584 0.459246732935253 0.381275219381232 1.295040370926560 0.392239442641721 0.459243032862784
0.390000000000000 0.640000000000000 0.392383552861299 0.459425646047385 0.381361866825299 1.294842736986366 0.392380456691334 0.459421419124525
0.390000000000000 0.650000000000000 0.392524258602023 0.459602897580188 0.381453748581299 1.294622143861578 0.392524243527717 0.459601308603107
0.390000000000000 0.660000000000000 0.392671627199679 0.459785446906674 0.381536540849352 1.294428461898593 0.392670226915755 0.459783854055242
0.390000000000000 0.670000000000000 0.392819209959699 0.459970944370252 0.381630410188448 1.294210815528333 0.392813089192857 0.459959692005795
0.390000000000000 0.680000000000000 0.392959567930725 0.460142876042596 0.381736027950273 1.293962420217036 0.392959024663377 0.460141915295046
0.390000000000000 0.690000000000000 0.393110462440862 0.460328771038228 0.381832517319379 1.293735493358690 0.393103617864411 0.460321505985523
0.390000000000000 0.700000000000000 0.393261990893282 0.460524410800232 0.381922634355261 1.293520121266849 0.393256540198248 0.460512939692710
0.390000000000000 0.710000000000000 0.393409454978842 0.460708163639008 0.382023357513461 1.293281657258251 0.393408943865788 0.460704741683699
0.390000000000000 0.720000000000000 0.393568012115361 0.460907821474623 0.382109315984411 1.293081951701480 0.393566761500622 0.460908117693652
0.390000000000000 0.730000000000000 0.393719295267586 0.461094673337083 0.382217165640528 1.292824744136408 0.393717688474054 0.461093444971232
0.390000000000000 0.760000000000000 0.394184655323949 0.461677047506312 0.382535031531375 1.292072121016757 0.382538558276882 1.292070361268346
0.390000000000000 0.770000000000000 0.394348651069360 0.461881254756592 0.382633427102075 1.291843896809995 0.382636804248441 1.291831347044369
0.390000000000000 0.780000000000000 0.394512142824155 0.462088394217891 0.382732829175798 1.291607440433173 0.382743949346634 1.291576379830217
0.390000000000000 0.790000000000000 0.394679259095778 0.462299419183627 0.382833348224406 1.291372468922919 0.382848480430008 1.291336684468596
0.390000000000000 0.800000000000000 0.394848058788315 0.462511739538767 0.382945619054124 1.291107932252938 0.382944739487063 1.291107163419955
0.390000000000000 0.810000000000000 0.395020868429388 0.462732544939301 0.383046249936060 1.290866484375869 0.383048895326572 1.290865430589817
0.390000000000000 0.820000000000001 0.395191750334552 0.462948067468638 0.383153723215217 1.290613261441219 0.383160391844086 1.290598246042017
0.390000000000000 0.830000000000001 0.395366928608821 0.463172609838769 0.383265603937550 1.290350977299019 0.383263961853169 1.290350549557638
0.390000000000000 0.840000000000001 0.395549872428580 0.463404864006026 0.383363198249054 1.290123265909802 0.383370151385794 1.290101092587099
0.390000000000000 0.850000000000001 0.395732220899109 0.463639268031325 0.383472031239594 1.289859651550041 0.383476056956263 1.289853321489589
0.390000000000000 0.860000000000001 0.395913467178689 0.463866446632618 0.383585192106480 1.289596767183640 0.383589151735395 1.289585215175491
0.390000000000000 0.870000000000001 0.396094057804357 0.464095697826010 0.383702286380361 1.289316151278633 0.383706963364665 1.289306710458395
0.390000000000000 0.880000000000001 0.396287989289248 0.464344253553433 0.383808578825745 1.289061149184049 0.383814990865558 1.289045353357753
0.390000000000000 0.930000000000001 0.397276360364469 0.465610357593944 0.384394602874309 1.287673368011395 0.384396560482493 1.287664748639988
0.390000000000000 0.940000000000001 0.397481117730525 0.465874274604381 0.384519125671231 1.287377540069202 0.384518653711707 1.287374913186233
0.390000000000000 0.950000000000001 0.397751206126230 0.466235400176337 0.384597091495823 1.287202485034866 0.384597133319858 1.287202453323186
0.390000000000000 0.960000000000001 0.397960058984277 0.466498645894180 0.384726127450336 1.286893205629217 0.384728635074623 1.286884541914964
0.390000000000000 0.970000000000001 0.398193082085700 0.466800122217189 0.384842546008224 1.286617182881038 0.384847135318666 1.286610202451003
0.390000000000000 0.980000000000001 0.398421635692101 0.467095282971643 0.384965479219320 1.286329803559382 0.384975824187379 1.286302369509737
0.390000000000000 0.990000000000001 0.398652815224583 0.467398398502029 0.385097027563136 1.286014305154179 0.385100846540955 1.286005249670192
0.390000000000000 1.000000000000001 0.398894677490005 0.467711721451273 0.385225669753324 1.285713483363434 0.385225704078846 1.285709322177012
0.390000000000000 1.010000000000001 0.399116376030552 0.467994598733747 0.385368755457170 1.285370594279339 0.385367957876966 1.285369310656586
0.390000000000000 1.020000000000001 0.399379151423363 0.468336973338115 0.385493650869333 1.285076223394662 0.385493028564545 1.285069780936172
0.390000000000000 1.030000000000001 0.399638425914460 0.468677699846586 0.385624815943709 1.284760866848403 0.385626338044883 1.284760250557076
0.390000000000000 1.040000000000001 0.399899552056468 0.469018596443601 0.385758768649461 1.284438281932068 0.385765294376894 1.284424810244704
0.390000000000000 1.050000000000001 0.400187171259467 0.469401525137249 0.385891630781108 1.284130684766028 0.385892186741286 1.284128804554225
0.390000000000000 1.060000000000001 0.400463338497268 0.469757811356157 0.386032629429322 1.283795246964837 0.386032975584963 1.283792055169395
0.390000000000000 1.070000000000001 0.400745680799347 0.470129628736715 0.386176162277651 1.283452922427111 0.386176530238611 1.283449406845847
0.390000000000000 1.080000000000001 0.401058559518929 0.470544677768074 0.386313669157411 1.283123704166170 0.386315398118825 1.283119975391901
0.390000000000000 1.090000000000001 0.401329204890578 0.470897985267976 0.386473293459382 1.282744123937539 0.386472651507203 1.282740995008472
0.390000000000000 1.100000000000001 0.401662887104056 0.471343048794308 0.386615264206347 1.282407247674272 0.386617062937965 1.282400247359986
0.390000000000000 1.110000000000001 0.401958115945917 0.471730371881028 0.386777302632324 1.282017129107620 0.386777178508461 1.282015499109780
0.390000000000000 1.120000000000001 0.402306485462214 0.472189734917176 0.386925705557243 1.281659332184862 0.386932421118648 1.281644805839130
0.390000000000000 1.130000000000001 0.402644973245746 0.472645408274247 0.387088890169521 1.281271878134289 0.387091544529856 1.281263848648715
0.390000000000000 1.140000000000001 0.403014636923118 0.473136090257142 0.387246588634790 1.280891501137843 0.387254586499009 1.280874309831840
0.390000000000000 1.150000000000001 0.403373777735277 0.473612166534987 0.387418321267952 1.280480710185767 0.387421770887975 1.280475822552746
0.390000000000000 1.160000000000001 0.403763587698691 0.474141038946860 0.387587532022138 1.280076101991846 0.387593253409522 1.280063174576276
0.390000000000000 1.170000000000001 0.404170151750506 0.474680368024859 0.387765526387144 1.279649554529223 0.387765379189473 1.279646732098226
0.390000000000000 1.180000000000001 0.404625725654112 0.475293970271631 0.387940497668959 1.279233109681166 0.387940516389987 1.279230396768654
0.390000000000000 1.220000000000001 0.508761942928968 0.706420263586941 0.364159119213921 1.331748783594275 0.364160108937442 1.331742072581115
0.400000000000000 0.500000000000000 0.374319630229608 0.439010867902152 0.520781896823775 0.786834728693682 0.374313618101740 0.439002533837657
0.400000000000000 0.510000000000000 0.371678741128117 0.437172218140446 0.517692172147311 0.812635827382801 0.371675328682419 0.437167315191602
0.400000000000000 0.520000000000000 0.369835533305750 0.435815071060195 0.514101117035768 0.838446269411902 0.369835412650358 0.435811854239251
0.400000000000000 0.530000000000000 0.368786299046585 0.435008341102563 0.509967021965726 0.864642836110947 0.368780335252281 0.434999478597679
0.400000000000000 0.580000000000000 0.402039841612231 0.471835070026103 0.386810333794481 1.281930486400168 0.402024699845696 0.471815642907609
0.400000000000000 0.590000000000000 0.402228652204637 0.472082330131171 0.386929338868371 1.281650007542697 0.402228152803857 0.472082330599687
0.400000000000000 0.600000000000000 0.402433978410278 0.472357746506453 0.387006582341167 1.281467304954295 0.402433447671058 0.472356194425193
0.400000000000000 0.610000000000000 0.402641958955384 0.472636940972657 0.387106663664800 1.281219013312000 0.402635403536788 0.472622947878712
0.400000000000000 0.620000000000000 0.402848894569712 0.472906501084020 0.387218919039742 1.280960257499218 0.402840590215629 0.472897076002543
0.400000000000000 0.630000000000000 0.403064271966305 0.473199959283792 0.387281880179232 1.280815515586425 0.403064025646455 0.473201190362921
0.400000000000000 0.640000000000000 0.403275049660583 0.473473065990387 0.387403767274563 1.280510506720515 0.403274659121592 0.473477987588648
0.400000000000000 0.650000000000000 0.403499490822179 0.473777012110167 0.387490130059742 1.280302578847790 0.403495789082114 0.473771104857888
0.400000000000000 0.660000000000000 0.403727064127804 0.474085217148698 0.387571490567303 1.280119536109574 0.403725277717505 0.474082270492656
0.400000000000000 0.670000000000000 0.403947017825336 0.474372437441882 0.387698689254028 1.279810089259389 0.403945523702269 0.474371234593525
0.400000000000000 0.680000000000000 0.404181655052835 0.474694156822637 0.387794949018007 1.279574660864462 0.404177037051243 0.474682859938042
0.400000000000000 0.690000000000000 0.404425628859884 0.475025738947635 0.387870686426460 1.279396853333173 0.404422573343674 0.475017040489941
0.400000000000000 0.700000000000000 0.404675420594605 0.475359983361809 0.387960304472153 1.279179066665891 0.404664316074537 0.475348604610953
0.400000000000000 0.710000000000000 0.404914406237550 0.475684561546381 0.388069028237303 1.278919383365602 0.404913482878368 0.475679061295577
0.400000000000000 0.720000000000000 0.405173858147814 0.476036805034465 0.388155093887977 1.278721313494540 0.405170391024234 0.476031722095983
0.400000000000000 0.820000000000001 0.408044834144631 0.479953609074780 0.389202706034539 1.276195580165056 0.389212765423779 1.276174777197759
0.400000000000000 0.830000000000001 0.408383750766697 0.480422308761563 0.389304482173794 1.275953797844546 0.389305386918663 1.275953476777575
0.400000000000000 0.840000000000001 0.408730338404716 0.480901224955148 0.389405604913218 1.275707355896016 0.389408965290041 1.275697725573441
0.400000000000000 0.850000000000001 0.409090149679909 0.481405821644733 0.389504215996339 1.275476020352915 0.389509962113101 1.275459057389900
0.400000000000000 0.860000000000001 0.409457358314546 0.481913239524217 0.389608924265052 1.275219101333952 0.389619382658809 1.275196461808521
0.400000000000000 0.870000000000001 0.409853648437749 0.482468070197789 0.389702193513596 1.275001125212859 0.389702320860790 1.274994198160506
0.400000000000000 0.930000000000001 0.412552282529850 0.486276476917368 0.390278079950132 1.273607656210527 0.390281977125676 1.273596577447621
0.400000000000000 0.940000000000001 0.413188356308917 0.487198769178826 0.390281922629446 1.273612212746375 0.390284624725776 1.273604674981589
0.400000000000000 0.950000000000001 0.413735578453018 0.487983444251839 0.390383984991716 1.273364930149051 0.390389367230383 1.273350833646723
0.400000000000000 0.960000000000001 0.414351106455307 0.488868191397000 0.390459829883556 1.273181681712479 0.390460712970711 1.273177081426891
0.400000000000000 0.970000000000001 0.415025806478751 0.489845665899694 0.390515595769546 1.273047522138461 0.390517638231824 1.273041963204717
0.400000000000000 0.980000000000001 0.415725966793204 0.490863893856461 0.390581398723714 1.272883677787733 0.390586259059973 1.272872028213352
0.400000000000000 0.990000000000001 0.416515189984338 0.492017983970810 0.390620614299226 1.272794831057366 0.390622329927430 1.272786139359851
0.400000000000000 1.000000000000001 0.417367539656697 0.493271154114528 0.390651277387038 1.272721421394631 0.390654535960301 1.272713439478856
0.400000000000000 1.170000000000001 0.505772693401218 0.694670892512770 0.363895285802485 1.332241678063333 0.363903349570602 1.332223634869141
0.400000000000000 1.180000000000001 0.510152926372976 0.712149557598720 0.364356763011477 1.331386996324667 0.364357577753639 1.331383228092268
0.400000000000000 1.190000000000001 0.514249668876488 0.730016390177082 0.365318749295727 1.329631391354307 0.365319158268124 1.329629136825845
0.400000000000000 1.200000000000001 0.518073204727093 0.748409721089547 0.366787627857146 1.327027654920603 0.366787550457947 1.327025117283107
0.400000000000000 1.210000000000001 0.521626114794421 0.767289529603595 0.368804629807393 1.323549733442356 0.368805677484509 1.323544320153272
0.410000000000000 0.520000000000000 0.375333900986663 0.439688904909360 0.521648783436603 0.778648659788150 0.375330503773778 0.439686370155403
0.410000000000000 0.530000000000000 0.372823917267611 0.437978753881360 0.519217581347057 0.800338398631024 0.372820963653218 0.437975415057945
0.410000000000000 0.540000000000000 0.370946786685540 0.436645401375893 0.516475718557246 0.821784460119240 0.370945137316931 0.436644166136197
0.410000000000000 0.550000000000000 0.369615375456595 0.435654434956236 0.513436988306213 0.842868528205650 0.369611447029430 0.435646694026366
0.410000000000000 0.560000000000000 0.368808906914914 0.435025052435929 0.510117478894001 0.863760217983652 0.368808941498541 0.435024389311220
0.410000000000000 0.570000000000000 0.368496824014801 0.434777361070602 0.506519585820916 0.884471531953819 0.368495468003323 0.434774302896092
0.410000000000000 0.630000000000000 0.414301118737054 0.488793883433125 0.390489275351839 1.273101154266808 0.414270188258878 0.488744178300561
0.410000000000000 0.640000000000000 0.414645813285230 0.489291636223969 0.390507427313894 1.273058529772736 0.414635675140595 0.489280059983634
0.410000000000000 0.650000000000000 0.415006258339875 0.489808281068147 0.390558861907642 1.272938480633972 0.414993151995865 0.489787203523338
0.410000000000000 0.660000000000000 0.415376499591624 0.490345083917206 0.390620660666972 1.272785955009794 0.415354488190163 0.490311440503530
0.410000000000000 0.670000000000000 0.415754349442421 0.490896069583823 0.390637711330024 1.272747618929201 0.415752514609427 0.490893297040948
0.410000000000000 0.680000000000000 0.416158615810911 0.491484237132427 0.390668046980115 1.272668107677938 0.416140358570143 0.491456833052094
0.410000000000000 1.120000000000001 0.503942395573450 0.687817108415880 0.363844764022696 1.332338642295120 0.363844324309186 1.332338458641129
0.410000000000000 1.130000000000001 0.507529263534384 0.701484006665584 0.364026152136140 1.331995923673352 0.364027716486548 1.331989365353900
0.410000000000000 1.140000000000001 0.510999868955576 0.715683396671472 0.364515486062114 1.331088901939353 0.364516057777378 1.331084245758469
0.410000000000000 1.150000000000001 0.514335360556037 0.730421915725457 0.365338300680435 1.329600214580974 0.365342443121529 1.329591942909410
0.410000000000000 1.160000000000001 0.517528075593844 0.745696253524910 0.366532508399152 1.327477322645938 0.366534333683526 1.327474493422625
0.410000000000000 1.170000000000001 0.520567548189451 0.761479251722853 0.368128216673537 1.324705095406529 0.368129187643173 1.324703918979044
0.420000000000000 0.540000000000000 0.376133805447841 0.440219772486659 0.522258579604142 0.772615752475812 0.376138199014151 0.440218302532416
0.420000000000000 0.550000000000000 0.373780150160256 0.438644662400091 0.520254290835472 0.791540832247999 0.373780950882670 0.438643979165534
0.420000000000000 0.560000000000000 0.371911346690758 0.437341845198950 0.518024622977655 0.810033653216096 0.371912185001028 0.437338731777186
0.420000000000000 0.570000000000000 0.370485917357547 0.436307275315048 0.515592356930944 0.828107262441928 0.370482504702646 0.436299276975990
0.420000000000000 0.580000000000000 0.369466344850978 0.435539755395812 0.512985917381044 0.845826178000790 0.369467390701806 0.435534485295041
0.420000000000000 0.590000000000000 0.368819696542179 0.435029510317177 0.510213533212530 0.863148097355677 0.368814813012316 0.435028828144402
0.420000000000000 0.600000000000000 0.368524404104920 0.434799656428366 0.507294674120032 0.880158925170905 0.368524558344931 0.434794551937092
0.420000000000000 1.080000000000001 0.505738070190774 0.694553278817779 0.363888144260808 1.332255054592695 0.363889882078677 1.332253816367582
0.420000000000000 1.090000000000001 0.508686284957321 0.706102617995111 0.364146770894622 1.331769805232046 0.364149112066229 1.331765065819327
0.420000000000000 1.100000000000001 0.511576178619324 0.718170097805267 0.364616848715187 1.330915551210611 0.364625556396805 1.330891697299976
0.420000000000000 1.110000000000001 0.514395779043493 0.730692053965027 0.365356603197940 1.329568637457196 0.365360702468079 1.329559094544921
0.420000000000000 1.120000000000001 0.517135007526089 0.743726352294200 0.366362932906685 1.327777202306268 0.366362477925932 1.327774358001731
0.420000000000000 1.130000000000001 0.519781041236916 0.757243428398404 0.367671928161588 1.325485972729821 0.367671815874816 1.325483245085260
0.420000000000000 1.140000000000001 0.522326725012465 0.771250242561649 0.369299499507914 1.322704841323699 0.369302953941887 1.322696531470620
0.430000000000000 0.570000000000000 0.374572097268582 0.439187737991016 0.521004880356030 0.784774149162600 0.374570865068082 0.439186437221025
0.430000000000000 0.580000000000000 0.372753616717549 0.437938471861959 0.519124568755645 0.801173983428565 0.372754985527954 0.437936659223709
0.430000000000000 0.590000000000000 0.371303113613259 0.436907406861100 0.517095563339998 0.817164895627619 0.371304293229879 0.436906261955906
0.430000000000000 0.600000000000000 0.370170274858798 0.436060930547387 0.514936527566887 0.832743450198969 0.514934730181299 0.832720890172301
0.430000000000000 0.610000000000000 0.369357790140056 0.435445345357632 0.512652594063708 0.847943152856552 0.512660250334275 0.847898975997238
0.430000000000000 0.620000000000000 0.368826319623285 0.435035474823486 0.510280088287641 0.862766503172171 0.510284375081950 0.862714559117788
0.430000000000000 0.630000000000000 0.368558153929775 0.434829065831403 0.507819979082778 0.877200781352315 0.368560415019221 0.434828973172671
0.430000000000000 1.030000000000001 0.504450126927100 0.689615978836590 0.363896124541999 1.332222014633677 0.363899353931071 1.332213776255462
0.430000000000000 1.040000000000001 0.506992511696721 0.699301741143770 0.364008630785892 1.332015200324069 0.364013523491288 1.331998176562619
0.430000000000000 1.050000000000001 0.509509563641605 0.709371005291642 0.364300763953805 1.331464230141451 0.364301181136014 1.331461590692933
0.430000000000000 1.060000000000001 0.511997422646517 0.719887649174215 0.364750946477618 1.330639150768318 0.364753416096415 1.330636019015434
0.430000000000000 1.070000000000001 0.514443045109901 0.730810872612654 0.365407427006812 1.329455624362676 0.365408396177750 1.329448878447198
0.430000000000000 1.080000000000001 0.516841121639082 0.742172598904818 0.366270341313085 1.327922638014775 0.366269613213538 1.327919551046093
0.430000000000000 1.090000000000001 0.519179598044071 0.753980010690946 0.367364954770258 1.326002245609100 0.367365845971343 1.325999824491857
0.430000000000000 1.100000000000001 0.521453316674240 0.766202051015771 0.368718291648509 1.323670238805459 0.368720815418701 1.323668085679045
0.440000000000000 0.590000000000000 0.375238331605764 0.439629472823628 0.521569313017136 0.779398279138228 0.521569159945643 0.779393759849358
0.440000000000000 0.600000000000000 0.373498124705588 0.438461125653670 0.519950687549791 0.794216753072893 0.519954789019377 0.794206412676210
0.440000000000000 0.610000000000000 0.372032464924983 0.437424708874314 0.518209325553391 0.808589096610821 0.518209545912625 0.808572264707385
0.440000000000000 0.620000000000000 0.370866503130650 0.436577590190320 0.516358140532533 0.822600545097286 0.516360527521587 0.822587306801481
0.440000000000000 0.630000000000000 0.369982189930206 0.435932530851783 0.514424045447830 0.836272310936220 0.369975133742910 0.435928835423093
0.440000000000000 0.640000000000000 0.369308636801672 0.435419141485101 0.512409355530590 0.849545830436774 0.369300054806446 0.435408132301921
0.440000000000000 0.650000000000000 0.368821321958289 0.435024660562582 0.510328366989516 0.862427090782064 0.510333713240364 0.862398641045929
0.440000000000000 0.660000000000000 0.368597431833772 0.434864628906556 0.508200532273063 0.875052105043770 0.508203595130393 0.875040385007789
0.440000000000000 0.990000000000001 0.505721991774372 0.694445449318381 0.363904566894842 1.332221141249566 0.505716641399471 0.694441374249605
0.440000000000000 1.000000000000001 0.507932484711830 0.703079318537770 0.364068793290948 1.331910911343931 0.507928474159011 0.703042977754488
0.440000000000000 1.010000000000001 0.510133755333391 0.712020536694317 0.364364306797135 1.331363909303880 0.510131560932385 0.712015336296024
0.440000000000000 1.020000000000001 0.512315596245315 0.721339274524182 0.364802164692602 1.330563832701136 0.512315442822412 0.721340691825569
0.440000000000000 1.030000000000001 0.514475366590535 0.731058550927851 0.365391319646947 1.329496323182037 0.514473064686312 0.731027010486408
0.440000000000000 1.040000000000001 0.516609594001290 0.741035662925988 0.366181691705735 1.328073877716839 0.366182405706547 1.328066129443158
0.440000000000000 1.050000000000001 0.518703983723748 0.751468340956346 0.367127176260259 1.326411805791399 0.367132771476175 1.326393933186135
0.440000000000000 1.060000000000001 0.520750905895855 0.762297050757644 0.368277107780092 1.324422133645657 0.368279012147028 1.324410090365522
0.450000000000000 0.610000000000000 0.375806702112543 0.440002511392137 0.522013721462751 0.775004102123646 0.522014238517392 0.775004077754237
0.450000000000000 0.620000000000000 0.374110256431907 0.438864167926170 0.520588786288998 0.788484352950883 0.520588658790566 0.788482116390359
0.450000000000000 0.630000000000000 0.372694974302370 0.437887620295954 0.519066918617839 0.801642898457803 0.519066759542871 0.801635706754895
0.450000000000000 0.640000000000000 0.371508921936888 0.437045337200803 0.517453946068135 0.814413568088158 0.517451356797569 0.814412556020893
0.450000000000000 0.650000000000000 0.370547745879920 0.436338492597356 0.515762219401947 0.826861047372113 0.515766351997719 0.826847584536795
0.450000000000000 0.660000000000000 0.369797595897298 0.435779254722840 0.514015081716254 0.838970077534762 0.514015712511039 0.838965020051586
0.450000000000000 0.670000000000000 0.369245960133375 0.435364939137850 0.512216541346043 0.850771967733212 0.512214816952622 0.850769813464658
0.450000000000000 0.680000000000000 0.368844483787517 0.435050861943973 0.510370596482693 0.862225190088692 0.510369122339435 0.862198691719110
0.450000000000000 0.690000000000000 0.368595819886874 0.434847771164305 0.508485460547969 0.873364285179988 0.508495408981582 0.873300416100898
0.450000000000000 0.700000000000000 0.506599610570272 0.884036253223507 0.506567132792023 0.884205603010362 0.368488998875856 0.434765856196896
0.450000000000000 0.940000000000001 0.504732923339424 0.690729785609580 0.363866378741578 1.332291664484889 0.504731200332233 0.690720484702711
0.450000000000000 0.950000000000001 0.506698531352710 0.698210281301809 0.363961933639968 1.332113625421282 0.506692865134577 0.698194769957898
0.450000000000000 0.960000000000001 0.508664625010175 0.705970500649126 0.364168662864703 1.331716997584517 0.508656093750098 0.705938773076313
0.450000000000000 0.970000000000001 0.510623262592819 0.714061952595300 0.364461885607770 1.331180221720790 0.510615713109688 0.714012942587110
0.450000000000000 0.980000000000001 0.512569781395349 0.722452999150656 0.364857543563045 1.330468194655244 0.512569642765720 0.722441365938510
0.450000000000000 0.990000000000001 0.514505681014199 0.731166585515484 0.365399013518038 1.329481965288778 0.514500939317692 0.731161795698186
0.450000000000000 1.000000000000001 0.516422835881254 0.740177046514617 0.366081164716631 1.328261766526186 0.516421298665553 0.740182087796910
0.450000000000000 1.010000000000001 0.518309162798793 0.749587465580770 0.366900323608250 1.326829901835225 0.518305500521912 0.749546101463021
0.450000000000000 1.020000000000001 0.520169598319476 0.759241287808479 0.367907085982903 1.325068384052611 0.520169190630301 0.759240535971531
0.450000000000000 1.030000000000001 0.521992936605629 0.769283208863790 0.369074638423948 1.323071896893567 0.521991931690026 0.769273616068725
0.460000000000000 0.640000000000000 0.374666250362852 0.439233339082783 0.521098490259054 0.783752121567105 0.521102105414608 0.783751378830751
0.460000000000000 0.650000000000000 0.373271640268432 0.438282566865241 0.519746820595041 0.795852207096722 0.519746359476057 0.795849211665438
0.460000000000000 0.660000000000000 0.372108396616380 0.437471180880019 0.518317615140957 0.807657284324247 0.518318305588114 0.807647940258211
0.460000000000000 0.670000000000000 0.371141978528183 0.436784151078807 0.516825641805159 0.819168727005111 0.516832617406505 0.819137663609359
0.460000000000000 0.680000000000000 0.370349905168680 0.436211270099653 0.515285346916744 0.830342086514746 0.515286722403173 0.830340499067109
0.460000000000000 0.690000000000000 0.369711478658238 0.435728112117635 0.513689014202786 0.841226074853607 0.513694698727453 0.841189721038467
0.460000000000000 0.700000000000000 0.369218883621855 0.435350188340527 0.512060566987981 0.851784136836445 0.512062949738002 0.851761441913827
0.460000000000000 0.710000000000000 0.368860560755353 0.435068177585098 0.510400332410285 0.862056182205235 0.510404644191759 0.862032642424157
0.460000000000000 0.720000000000000 0.368629809379841 0.434883535903328 0.508716799890467 0.872045983247709 0.508721578065632 0.872004087867811
0.460000000000000 0.730000000000000 0.507036093092843 0.881632184855546 0.507003759272559 0.881816933753265 0.368511895058828 0.434790529979768
0.460000000000000 0.890000000000001 0.503945782341306 0.687859440241535 0.363833881154409 1.332361101907313 0.503943970255337 0.687850155705290
0.460000000000000 0.900000000000001 0.505707657370633 0.694443139685799 0.363884976302386 1.332261785878300 0.505705910066481 0.694438046380152
0.460000000000000 0.910000000000001 0.507473893293997 0.701289226623781 0.364005412885041 1.332041293897974 0.507472157736925 0.701280770349115
0.460000000000000 0.920000000000001 0.509246885307133 0.708350485796373 0.364231983110027 1.331607111618089 0.509243330960963 0.708342609906401
0.460000000000000 0.930000000000001 0.511015106000773 0.715729007073009 0.364521865936906 1.331075033360365 0.511008891165182 0.715698215675863
0.460000000000000 0.940000000000001 0.512773904917599 0.723369955346830 0.364914472814166 1.330361580941873 0.512770651865013 0.723329678448632
0.460000000000000 0.950000000000001 0.514529453678760 0.731260885243326 0.365409524487789 1.329462350275747 0.514523414906322 0.731258690645079
0.460000000000000 0.960000000000001 0.516266357111407 0.739454829770222 0.366023738227586 1.328365052391861 0.516264965133497 0.739448919285896
0.460000000000000 0.970000000000001 0.517992168910519 0.747920960431444 0.366760329035052 1.327061350266133 0.517989671608799 0.747926514580507
0.460000000000000 0.980000000000001 0.519691532601571 0.756707932362939 0.367625595011030 1.325556034697229 0.519689209715107 0.756710150181339
0.460000000000000 0.990000000000001 0.521363624592477 0.765776114577693 0.368644908838291 1.323811414150827 0.521362023497385 0.765784486081822
0.470000000000000 0.660000000000000 0.375195274586110 0.439603534816650 0.521532912043262 0.779815230377122 0.521533344248805 0.779786011429126
0.470000000000000 0.670000000000000 0.373837289195733 0.438686107175519 0.520310131340538 0.791022103694237 0.520313361383499 0.791021859057863
0.470000000000000 0.680000000000000 0.372658734690208 0.437861865043017 0.519023936361196 0.801951188696074 0.519025960622878 0.801949589301917
0.470000000000000 0.690000000000000 0.371676741300351 0.437167674130035 0.517685577109943 0.812639464228889 0.517692513681450 0.812619369855939
0.470000000000000 0.700000000000000 0.370852547519964 0.436577846852282 0.516307856286603 0.823041546345448 0.516306974847211 0.823025248728712
0.470000000000000 0.710000000000000 0.370169978955986 0.436072903601623 0.514881011818621 0.833159273049585 0.514882060986150 0.833145186096730
0.470000000000000 0.720000000000000 0.369608107379657 0.435647673979840 0.513422977573075 0.842997159949617 0.513423071604188 0.842987083782663
0.470000000000000 0.730000000000000 0.369184911033606 0.435318952072004 0.511932866833634 0.852586709589109 0.511937150363645 0.852565038093041
0.470000000000000 0.740000000000000 0.368880087758038 0.435091818272478 0.510424832984738 0.861933292183900 0.510431948163722 0.861877526151864
0.470000000000000 0.750000000000000 0.368654671552333 0.434904550535263 0.508899771327143 0.870982403540508 0.508909147277376 0.870933172403064
0.470000000000000 0.760000000000000 0.368537929658329 0.434814682682453 0.507369926569664 0.879770799179983 0.507368778318951 0.879766287206291
0.470000000000000 0.850000000000001 0.504915228323615 0.691326140585036 0.363910446852544 1.332194092386309 0.504908768571941 0.691310438058756
0.470000000000000 0.860000000000001 0.506512380410614 0.697424688772055 0.363989872927512 1.332037027072781 0.506509818868514 0.697425524726917
0.470000000000000 0.870000000000001 0.508112970239791 0.703830563867786 0.364062330308224 1.331941039662756 0.508108461857289 0.703806635980892
0.470000000000000 0.880000000000001 0.509721897923322 0.710368970459144 0.364275406476403 1.331543975802610 0.509718306124433 0.710346747748306
0.470000000000000 0.890000000000001 0.511337640344631 0.717065491894680 0.364603043004758 1.330914490237485 0.511336677626609 0.717077134116996
0.470000000000000 0.900000000000001 0.512946525854538 0.724123480344410 0.364948927792144 1.330300599628669 0.512938531901581 0.724083437992378
0.470000000000000 0.910000000000001 0.514547056505770 0.731351633880296 0.365422546722607 1.329439328720101 0.514542804690197 0.731325468332803
0.470000000000000 0.920000000000001 0.516141623568663 0.738820873618183 0.365977360969124 1.328448691396215 0.516141381146866 0.738826451805171
0.470000000000000 0.930000000000001 0.517720075765217 0.746599231302216 0.366626555385778 1.327302898576867 0.517717679522152 0.746597599774976
0.470000000000000 0.940000000000001 0.519286646958638 0.754591324636289 0.367406307679962 1.325946954498035 0.519284596379469 0.754593709624871
0.470000000000000 0.950000000000001 0.520832026135849 0.762869734938367 0.368301652731110 1.324394877705714 0.520830543118661 0.762866940721050
0.470000000000000 0.960000000000001 0.522355892460530 0.771392005432618 0.369328182830177 1.322652540840891 0.522355294785514 0.771404608525347
0.480000000000000 0.680000000000000 0.375641455500179 0.439903504634392 0.521883971721246 0.776364510713717 0.521885519049387 0.776363067104279
0.480000000000000 0.690000000000000 0.374316013469273 0.439005354971472 0.520776183179989 0.786843179195231 0.520776200165186 0.786840075591281
0.480000000000000 0.700000000000000 0.373176983057374 0.438231011744321 0.519613662186286 0.797076840841304 0.519615154664349 0.797072254402128
0.480000000000000 0.710000000000000 0.372173600436356 0.437521693856300 0.518397787330950 0.807034768042160 0.518396203399534 0.807024633479300
0.480000000000000 0.720000000000000 0.371331415620364 0.436923907470616 0.517147514127095 0.816774668875114 0.517148222384344 0.816763138674024
0.480000000000000 0.730000000000000 0.370616912011918 0.436403609970268 0.515859013557770 0.826255031937197 0.515859620999687 0.826245859703202
0.480000000000000 0.740000000000000 0.370027852876883 0.435962218151359 0.514537551841518 0.835492627379424 0.514539140586347 0.835482091233239
0.480000000000000 0.750000000000000 0.369540258221750 0.435596002000409 0.513192894851367 0.844482634536707 0.513196266199279 0.844482266979900
0.480000000000000 0.760000000000000 0.369156355783822 0.435300426053462 0.511829104204576 0.853249350620050 0.511831863586493 0.853235037240823
0.480000000000000 0.770000000000000 0.368869254273525 0.435075537560662 0.510448497020447 0.861766844759187 0.510449304531789 0.861766176802305
0.480000000000000 0.800000000000000 0.504252079690138 0.688917857099010 0.363863415737539 1.332299746472769 0.504233005845179 0.688855007787442
0.480000000000000 0.810000000000000 0.505705473773517 0.694383243450941 0.363916322499551 1.332196085473156 0.505701640640721 0.694364782933822
0.480000000000000 0.820000000000001 0.507173621095409 0.700086062869242 0.363997358422601 1.332041133133787 0.507167369624766 0.700049998880594
0.480000000000000 0.830000000000001 0.508655260557067 0.705875914879833 0.364185536171165 1.331678121370380 0.508654480849529 0.705873606792892
0.480000000000000 0.840000000000001 0.510132861063790 0.711941303731341 0.364399149660807 1.331281250213815 0.510132198252362 0.711943859508721
0.480000000000000 0.850000000000001 0.511615986633171 0.718196671931235 0.364687226402830 1.330746690922230 0.511614714452075 0.718191086865132
0.480000000000000 0.860000000000001 0.513086179745236 0.724747256205702 0.364988179066201 1.330228440911725 0.513083084551585 0.724718044614439
0.480000000000000 0.870000000000001 0.514564467485213 0.731409361745924 0.365424052588702 1.329434362446274 0.514561848434651 0.731402870153439
0.480000000000000 0.880000000000001 0.516035368179828 0.738299345415677 0.365938983050847 1.328515254237290 0.516031560651664 0.738316167951549
0.480000000000000 0.890000000000001 0.517494592311463 0.745442263368559 0.366544568144736 1.327438093428305 0.517493114692823 0.745435723247234
0.480000000000000 0.900000000000001 0.518944141240128 0.752796606761667 0.367226981339049 1.326249611626478 0.518943629242096 0.752809814752357
0.480000000000000 0.910000000000001 0.520383463783294 0.760371649798706 0.368039395074388 1.324834369991958 0.520381756104112 0.760378542205148
0.480000000000000 0.920000000000001 0.521798910241941 0.768206333494425 0.368936401974994 1.323314513944900 0.521797691982078 0.768222316582277
0.490000000000000 0.700000000000000 0.376053913056330 0.440175424336248 0.522189131073498 0.773397543413888 0.522186329614558 0.773394049940870
0.490000000000000 0.710000000000000 0.374767330308787 0.439320508949422 0.521172260934735 0.783227445835351 0.521173218010069 0.783221155358755
0.490000000000000 0.720000000000000 0.373629114635711 0.438536824851331 0.520108171959580 0.792823156470445 0.520107931941755 0.792820006074405
0.490000000000000 0.730000000000000 0.372656434474617 0.437870745854936 0.519000850792465 0.802202008236796 0.519001756715059 0.802196742417832
0.490000000000000 0.740000000000000 0.371784586498251 0.437245028590937 0.517857570837586 0.811347188811791 0.517856293351879 0.811338553618134
0.490000000000000 0.750000000000000 0.371045990901336 0.436709198180268 0.516676188035564 0.820269176995289 0.516675990233241 0.820242781150782
0.490000000000000 0.760000000000000 0.370435064634203 0.436264652735949 0.515476316663855 0.828977874242044 0.515474280599205 0.828976476039405
0.490000000000000 0.770000000000000 0.369919211097334 0.435891971481712 0.514249368704165 0.837478170462998 0.514252033348478 0.837470155546803
0.490000000000000 0.780000000000000 0.369474689201268 0.435544811895669 0.513000205168692 0.845743496940607 0.512998779174906 0.845719786258079
0.490000000000000 0.790000000000000 0.509106122768036 0.707755299966683 0.364222714619891 1.331618513878005 0.509099032766836 0.707726083485923
0.490000000000000 0.800000000000000 0.510471865193708 0.713412010752199 0.364438071130824 1.331223947145363 0.510467881095607 0.713380928391151
0.490000000000000 0.810000000000000 0.511848323279006 0.719184036820624 0.364743201009186 1.330641110236667 0.511848142862529 0.719187712621404
0.490000000000000 0.820000000000001 0.513217498754076 0.725212787866522 0.365065675061616 1.330060196330433 0.513217204568391 0.725211448464136
0.490000000000000 0.830000000000001 0.514586229746461 0.731420689139134 0.365465300536683 1.329339265970441 0.514585232452142 0.731419862290616
0.490000000000000 0.840000000000001 0.515953306855632 0.737809208715687 0.365943111164195 1.328482050906309 0.515952747892228 0.737807624248722
0.490000000000000 0.850000000000001 0.517299692344574 0.744481210753305 0.366455018841453 1.327598456709626 0.517298229491911 0.744454272790481
0.490000000000000 0.860000000000001 0.518649803821938 0.751270232788801 0.367085283265813 1.326490810382612 0.518648715711643 0.751268046027463
0.490000000000000 0.870000000000001 0.519989192268023 0.758275982449224 0.367800901165072 1.325257814984451 0.519986762676387 0.758281165181671
0.490000000000000 0.880000000000001 0.521316706812249 0.765489829915263 0.368626548475927 1.323828872082597 0.521315288017147 0.765482378589327
0.500000000000000 0.730000000000000 0.375175086505190 0.439595847750865 0.521509922165864 0.780045790454995 0.521510568858812 0.780041004658646
0.500000000000000 0.740000000000000 0.374069064798314 0.438849964881322 0.520531966805942 0.789104452531839 0.520535493452271 0.789104159204866
0.500000000000000 0.750000000000000 0.373078896571946 0.438158184083858 0.519510284819275 0.797934259671869 0.519506217185644 0.797928114647535
0.500000000000000 0.760000000000000 0.372246975925504 0.437590720658592 0.518463567918112 0.806605904153967 0.518466712584340 0.806588534433921
0.500000000000000 0.770000000000000 0.371501923061137 0.437059426551379 0.517381868255228 0.815037942853723 0.517382636692335 0.815036683456006
0.500000000000000 0.780000000000000 0.370850212714518 0.436587982010279 0.516277960572069 0.823286248667977 0.516278381919400 0.823282816309819
0.500000000000000 0.790000000000000 0.370300362922450 0.436180553514599 0.515147101061285 0.831325833352336 0.515147490460817 0.831319342530087
0.500000000000000 0.800000000000000 0.515878356758240 0.737415072645109 0.365920472146036 1.328523067461551 0.515876559959367 0.737412095160503
0.500000000000000 0.810000000000000 0.517141724329466 0.743583463723501 0.366409475224977 1.327663455820072 0.517139983770406 0.743574971865798
0.500000000000000 0.820000000000001 0.518409084464730 0.749880314336944 0.367003203535503 1.326607068161759 0.518408329274149 0.749876503260829
0.500000000000000 0.830000000000001 0.519666774570278 0.756381664016768 0.367654323905313 1.325480360194379 0.519663106283591 0.756372729152293
0.500000000000000 0.840000000000001 0.520906962478460 0.763080009796321 0.368388066020141 1.324222394598205 0.520906759183603 0.763080324566654
0.500000000000000 0.850000000000001 0.522121879306575 0.770050797400966 0.369161508159819 1.322926280247610 0.522117460014055 0.770042383116979
0.380000000000000 0.930000000000001 0.522340065145453 0.771458791149547 0.369285094172092 1.322753135208748 0.376234144624331 0.440254385749810
0.380000000000000 0.940000000000001 0.522340348494870 0.771468116541093 0.369285361910026 1.322753488067537 0.376234971043272 0.440255324497998
0.390000000000000 0.510000000000000 0.522405159659698 0.771329793238236 0.369434175740423 1.322417498113411 0.376374067542204 0.440402993688996
0.390000000000000 0.740000000000000 0.522357087222573 0.771493637969353 0.369303967772277 1.322711032685649 0.376262473707046 0.440286847207044
0.390000000000000 0.750000000000000 0.522356888899765 0.771480395013558 0.369300506520045 1.322719508670978 0.376259478477169 0.440285943982097
0.390000000000000 0.890000000000001 0.522353180577121 0.771467485749968 0.369307981922451 1.322704856769650 0.376261437717549 0.440285372465564
0.390000000000000 0.900000000000001 0.522357513518272 0.771444866758252 0.369308147353503 1.322702259728499 0.376260576459772 0.440284467126035
0.390000000000000 0.910000000000001 0.522350913457910 0.771467219562188 0.369308844852586 1.322699621672973 0.376261202057076 0.440284730288947
0.390000000000000 0.920000000000001 0.522357943818730 0.771454602628245 0.369308983660516 1.322699701400118 0.376265033049525 0.440290219239621
0.390000000000000 1.190000000000001 0.522392895372899 0.771454983800686 0.369385821135302 1.322525246773743 0.376364482504959 0.440402305516458
0.390000000000000 1.200000000000001 0.522390325176691 0.771493415114784 0.369378169413470 1.322543684189148 0.376368263665092 0.440415463785248
0.390000000000000 1.210000000000001 0.522400509807665 0.771505337422020 0.369385482818677 1.322529889434692 0.376386544491383 0.440429365456700
0.400000000000000 0.540000000000000 0.522406049192768 0.771277989328029 0.369419956377684 1.322442003036582 0.376363167616901 0.440389444596895
0.400000000000000 0.550000000000000 0.522401718801663 0.771319703642921 0.369429194198786 1.322422909211314 0.376361239052034 0.440390353941900
0.400000000000000 0.560000000000000 0.522398500842484 0.771284593625963 0.369412016251417 1.322461927733390 0.376355509455551 0.440381109216022
0.400000000000000 0.570000000000000 0.522398654852242 0.771311746805621 0.369424228117252 1.322434726943281 0.376352595832854 0.440378270718989
0.400000000000000 0.730000000000000 0.522358653634770 0.771559694954546 0.369294714100314 1.322736680242925 0.376269815488331 0.440300856105787
0.400000000000000 0.740000000000000 0.522354141734294 0.771501460365233 0.369296516809002 1.322728420259950 0.376265473465510 0.440292409154115
0.400000000000000 0.750000000000000 0.522358884330189 0.771538400170806 0.369301869472981 1.322718094013985 0.376266770126794 0.440294800977640
0.400000000000000 0.760000000000000 0.522353720527359 0.771486553179657 0.369305701331388 1.322707223957799 0.376268194492236 0.440293981949399
0.400000000000000 0.770000000000000 0.522354067732108 0.771514232825304 0.369298376754866 1.322723383449670 0.376261996660976 0.440290476205505
0.400000000000000 0.780000000000000 0.522352139383644 0.771512572377813 0.369297443257428 1.322729798515833 0.376266348508796 0.440294543581764
0.400000000000000 0.790000000000000 0.522356311140100 0.771502468024773 0.369306461139454 1.322707321954262 0.376267813848485 0.440296028439357
0.400000000000000 0.800000000000000 0.522360773772227 0.771507384896856 0.369306455319130 1.322704370383874 0.376275030891888 0.440301640232241
0.400000000000000 0.810000000000000 0.522357227600228 0.771506697446634 0.369301515592091 1.322717098746013 0.376261947185156 0.440289664481232
0.400000000000000 0.880000000000001 0.522359634409366 0.771467703553784 0.369317019584075 1.322682677374142 0.376260851085406 0.440279757436341
0.400000000000000 0.890000000000001 0.522359052681476 0.771487708975386 0.369317269224591 1.322680338143825 0.376275342163917 0.440302791050687
0.400000000000000 0.900000000000001 0.522358545828994 0.771480626453855 0.369305627337671 1.322706178744370 0.376261762890452 0.440285300740310
0.400000000000000 0.910000000000001 0.522359648447192 0.771445623077719 0.369313718426146 1.322684671797101 0.376262383002349 0.440285786433031
0.400000000000000 0.920000000000001 0.522362933977124 0.771464722500427 0.369316046437795 1.322682615000471 0.376277321693148 0.440300931919618
0.410000000000000 0.580000000000000 0.522402507295397 0.771283068819033 0.369417907102827 1.322446207587297 0.376355375352260 0.440377522264479
0.410000000000000 0.590000000000000 0.522399573427390 0.771322929827490 0.369400892308712 1.322488979531697 0.376351729988328 0.440379918072283
0.410000000000000 0.600000000000000 0.522399810400015 0.771311704332931 0.369404205657343 1.322479872126616 0.376350242329461 0.440376300614418
0.410000000000000 0.610000000000000 0.522392946890153 0.771381783690298 0.369401149629016 1.322490468856429 0.376343615807795 0.440374623368752
0.410000000000000 0.620000000000000 0.522391892715689 0.771377244842173 0.369395787746061 1.322492662346760 0.376340998210538 0.440370331821425
0.410000000000000 0.690000000000000 0.522384457868380 0.771469461186999 0.369366672288752 1.322562826783609 0.376338740114373 0.440373050933254
0.410000000000000 0.700000000000000 0.522359914789474 0.771474457970762 0.369308707966012 1.322701344289754 0.376269422805106 0.440292859193150
0.480000000000000 0.780000000000000 0.522379118137641 0.771409056018928 0.369364525139664 1.322576815642456 0.376328807527939 0.440364310877072
0.480000000000000 0.790000000000000 0.522380988288759 0.771435363817196 0.369362879473680 1.322582907268810 0.376328779824372 0.440356940401644
