0.578388 0.557893 0.250000 1.180000
0.197055 1.282709 0.250000 1.180000
0.616707 0.526002 0.250000 1.190000
0.195015 1.292075 0.250000 1.190000
0.666815 0.487484 0.250000 1.200000
0.193386 1.299336 0.250000 1.200000
1.278459 0.199769 0.250000 1.220000
0.199804 1.278368 0.250000 1.220000
0.575388 0.560480 0.260000 1.160000
0.197261 1.281775 0.260000 1.160000
0.609826 0.531557 0.260000 1.170000
0.195338 1.290612 0.260000 1.170000
0.652385 0.498238 0.260000 1.180000
0.193747 1.297784 0.260000 1.180000
1.264308 0.204069 0.260000 1.200000
0.204104 1.264220 0.260000 1.200000
1.278444 0.199775 0.260000 1.210000
0.199804 1.278369 0.260000 1.210000
0.572685 0.562839 0.270000 1.140000
0.197421 1.281017 0.270000 1.140000
0.604084 0.536255 0.270000 1.150000
0.195609 1.289360 0.270000 1.150000
0.641480 0.506540 0.270000 1.160000
0.194078 1.296322 0.270000 1.160000
0.689819 0.470815 0.270000 1.170000
0.193010 1.300816 0.270000 1.170000
1.264269 0.204083 0.270000 1.190000
0.204102 1.264224 0.270000 1.190000
1.278433 0.199778 0.270000 1.200000
0.199803 1.278370 0.270000 1.200000
0.570426 0.564812 0.280000 1.120000
0.197574 1.280315 0.280000 1.120000
0.599340 0.540168 0.280000 1.130000
0.195862 1.288215 0.280000 1.130000
0.632769 0.513286 0.280000 1.140000
0.194375 1.294984 0.280000 1.140000
0.673717 0.482425 0.280000 1.150000
0.193250 1.299902 0.280000 1.150000
1.250045 0.208544 0.280000 1.170000
0.208564 1.249998 0.280000 1.170000
1.264292 0.204075 0.280000 1.180000
0.204104 1.264219 0.280000 1.180000
1.278431 0.199779 0.280000 1.190000
0.199804 1.278367 0.280000 1.190000
0.568437 0.566558 0.290000 1.100000
0.197705 1.279704 0.290000 1.100000
0.595216 0.543601 0.290000 1.110000
0.196075 1.287225 0.290000 1.110000
0.625646 0.518877 0.290000 1.120000
0.194650 1.293746 0.290000 1.120000
0.661517 0.491404 0.290000 1.130000
0.193507 1.298821 0.290000 1.130000
0.707146 0.458531 0.290000 1.140000
0.192865 1.301080 0.290000 1.140000
1.250044 0.208544 0.290000 1.160000
0.208564 1.249996 0.290000 1.160000
1.264294 0.204074 0.290000 1.170000
0.204102 1.264224 0.290000 1.170000
1.278439 0.199776 0.290000 1.180000
0.199803 1.278372 0.290000 1.180000
0.591655 0.546589 0.300000 1.090000
0.196271 1.286325 0.300000 1.090000
0.619585 0.523695 0.300000 1.100000
0.194891 1.292640 0.300000 1.100000
0.651756 0.498715 0.300000 1.110000
0.193761 1.297720 0.300000 1.110000
0.690606 0.470253 0.300000 1.120000
0.193002 1.300840 0.300000 1.120000
1.235766 0.213170 0.300000 1.140000
0.213190 1.235713 0.300000 1.140000
1.250057 0.208540 0.300000 1.150000
0.208566 1.249993 0.300000 1.150000
1.264287 0.204077 0.300000 1.160000
0.204103 1.264221 0.300000 1.160000
1.278453 0.199772 0.300000 1.170000
0.199802 1.278376 0.300000 1.170000
0.588540 0.549217 0.310000 1.070000
0.196447 1.285513 0.310000 1.070000
0.614427 0.527834 0.310000 1.080000
0.195120 1.291599 0.310000 1.080000
0.643655 0.504874 0.310000 1.090000
0.194000 1.296659 0.310000 1.090000
0.677819 0.479443 0.310000 1.100000
0.193177 1.300195 0.310000 1.100000
1.235772 0.213167 0.310000 1.130000
0.213190 1.235712 0.310000 1.130000
1.250058 0.208540 0.310000 1.140000
0.208564 1.249999 0.310000 1.140000
1.264302 0.204072 0.310000 1.150000
0.204104 1.264220 0.310000 1.150000
1.278421 0.199782 0.310000 1.160000
0.199802 1.278372 0.310000 1.160000
0.585775 0.551563 0.320000 1.050000
0.196606 1.284778 0.320000 1.050000
0.609915 0.531488 0.320000 1.060000
0.195327 1.290654 0.320000 1.060000
0.636834 0.510123 0.320000 1.070000
0.194236 1.295618 0.320000 1.070000
0.667460 0.487010 0.320000 1.080000
0.193373 1.299393 0.320000 1.080000
0.703860 0.460854 0.320000 1.090000
0.192879 1.301110 0.320000 1.090000
1.221356 0.217988 0.320000 1.110000
0.217974 1.221384 0.320000 1.110000
1.235786 0.213163 0.320000 1.120000
0.213191 1.235711 0.320000 1.120000
1.250052 0.208541 0.320000 1.130000
0.208563 1.250000 0.320000 1.130000
1.264280 0.204079 0.320000 1.140000
0.204104 1.264220 0.320000 1.140000
1.278432 0.199779 0.320000 1.150000
0.199804 1.278369 0.320000 1.150000
0.583302 0.553673 0.330000 1.030000
0.196750 1.284108 0.330000 1.030000
0.605957 0.534718 0.330000 1.040000
0.195517 1.289782 0.330000 1.040000
0.630861 0.514779 0.330000 1.050000
0.194441 1.294682 0.330000 1.050000
0.658810 0.493420 0.330000 1.060000
0.193574 1.298537 0.330000 1.060000
0.691061 0.469929 0.330000 1.070000
0.192994 1.300864 0.330000 1.070000
1.221433 0.217961 0.330000 1.100000
0.217976 1.221380 0.330000 1.100000
1.235776 0.213166 0.330000 1.110000
0.213190 1.235712 0.330000 1.110000
1.250050 0.208542 0.330000 1.120000
0.208566 1.249993 0.330000 1.120000
1.264278 0.204079 0.330000 1.130000
0.204103 1.264221 0.330000 1.130000
1.278444 0.199775 0.330000 1.140000
0.199805 1.278366 0.330000 1.140000
0.581102 0.555555 0.340000 1.010000
0.196890 1.283473 0.340000 1.010000
0.602459 0.537589 0.340000 1.020000
0.195702 1.288948 0.340000 1.020000
0.625697 0.518838 0.340000 1.030000
0.194644 1.293765 0.340000 1.030000
0.651415 0.498972 0.340000 1.040000
0.193768 1.297686 0.340000 1.040000
0.680507 0.477499 0.340000 1.050000
0.193135 1.300361 0.340000 1.050000
1.221445 0.217957 0.340000 1.090000
0.217977 1.221377 0.340000 1.090000
1.235777 0.213166 0.340000 1.100000
0.213191 1.235712 0.340000 1.100000
1.250050 0.208542 0.340000 1.110000
0.208565 1.249995 0.340000 1.110000
1.264278 0.204080 0.340000 1.120000
0.204102 1.264225 0.340000 1.120000
1.278438 0.199777 0.340000 1.130000
0.199804 1.278369 0.340000 1.130000
0.579128 0.557246 0.350000 0.990000
0.197021 1.282876 0.350000 0.990000
0.599268 0.540231 0.350000 1.000000
0.195855 1.288232 0.350000 1.000000
0.621092 0.522493 0.350000 1.010000
0.194827 1.292929 0.350000 1.010000
0.644994 0.503849 0.350000 1.020000
0.193959 1.296843 0.350000 1.020000
0.671580 0.483987 0.350000 1.030000
0.193289 1.299741 0.350000 1.030000
0.701863 0.462265 0.350000 1.040000
0.192896 1.301094 0.350000 1.040000
1.207085 0.222957 0.350000 1.070000
0.222975 1.207044 0.350000 1.070000
1.221438 0.217960 0.350000 1.080000
0.217978 1.221376 0.350000 1.080000
1.235778 0.213165 0.350000 1.090000
0.213188 1.235719 0.350000 1.090000
1.250060 0.208539 0.350000 1.100000
0.208566 1.249992 0.350000 1.100000
1.264282 0.204078 0.350000 1.110000
0.204103 1.264220 0.350000 1.110000
1.278446 0.199774 0.350000 1.120000
0.199805 1.278367 0.350000 1.120000
0.577309 0.558816 0.360000 0.970000
0.197137 1.282345 0.360000 0.970000
0.596444 0.542575 0.360000 0.980000
0.196014 1.287514 0.360000 0.980000
0.616998 0.525767 0.360000 0.990000
0.195002 1.292132 0.360000 0.990000
0.639343 0.508187 0.360000 1.000000
0.194144 1.296022 0.360000 1.000000
0.663909 0.489629 0.360000 1.010000
0.193457 1.299044 0.360000 1.010000
0.691378 0.469702 0.360000 1.020000
0.192990 1.300877 0.360000 1.020000
1.207069 0.222962 0.360000 1.060000
0.222975 1.207044 0.360000 1.060000
1.221434 0.217961 0.360000 1.070000
0.217978 1.221376 0.360000 1.070000
1.235762 0.213171 0.360000 1.080000
0.213189 1.235715 0.360000 1.080000
1.250068 0.208536 0.360000 1.090000
0.208565 1.249997 0.360000 1.090000
1.264301 0.204072 0.360000 1.100000
0.204103 1.264222 0.360000 1.100000
1.278441 0.199776 0.360000 1.110000
0.199805 1.278366 0.360000 1.110000
0.575639 0.560264 0.370000 0.950000
0.197242 1.281860 0.370000 0.950000
0.593861 0.544733 0.370000 0.960000
0.196157 1.286860 0.370000 0.960000
0.613334 0.528714 0.370000 0.970000
0.195174 1.291358 0.370000 0.970000
0.634316 0.512080 0.370000 0.980000
0.194317 1.295241 0.370000 0.980000
0.657160 0.494653 0.370000 0.990000
0.193610 1.298371 0.370000 0.990000
0.682398 0.476135 0.370000 1.000000
0.193106 1.300472 0.370000 1.000000
0.710666 0.456038 0.370000 1.010000
0.192838 1.301048 0.370000 1.010000
1.207079 0.222959 0.370000 1.050000
0.222976 1.207040 0.370000 1.050000
1.221425 0.217964 0.370000 1.060000
0.217976 1.221381 0.370000 1.060000
1.235772 0.213167 0.370000 1.070000
0.213189 1.235715 0.370000 1.070000
1.250062 0.208538 0.370000 1.080000
0.208565 1.249996 0.370000 1.080000
1.264284 0.204078 0.370000 1.090000
0.204104 1.264220 0.370000 1.090000
1.278436 0.199777 0.370000 1.100000
0.199804 1.278369 0.370000 1.100000
0.574115 0.561586 0.380000 0.930000
0.197342 1.281399 0.380000 0.930000
0.591502 0.546713 0.380000 0.940000
0.196285 1.286264 0.380000 0.940000
0.610004 0.531412 0.380000 0.950000
0.195331 1.290645 0.380000 0.950000
0.629823 0.515588 0.380000 0.960000
0.194492 1.294469 0.380000 0.960000
0.651217 0.499121 0.380000 0.970000
0.193778 1.297647 0.380000 0.970000
0.674585 0.481792 0.380000 0.980000
0.193232 1.299973 0.380000 0.980000
0.700488 0.463238 0.380000 0.990000
0.192910 1.301071 0.380000 0.990000
1.192896 0.228198 0.380000 1.030000
0.228207 1.192860 0.380000 1.030000
1.207080 0.222958 0.380000 1.040000
0.222974 1.207046 0.380000 1.040000
1.221428 0.217963 0.380000 1.050000
0.217976 1.221381 0.380000 1.050000
1.235766 0.213170 0.380000 1.060000
0.213186 1.235723 0.380000 1.060000
1.250066 0.208536 0.380000 1.070000
0.208566 1.249992 0.380000 1.070000
1.264271 0.204082 0.380000 1.080000
0.204103 1.264222 0.380000 1.080000
1.278444 0.199774 0.380000 1.090000
0.199803 1.278371 0.380000 1.090000
0.572687 0.562835 0.390000 0.910000
0.197424 1.281008 0.390000 0.910000
0.589326 0.548551 0.390000 0.920000
0.196403 1.285716 0.390000 0.920000
0.606944 0.533911 0.390000 0.930000
0.195471 1.289998 0.390000 0.930000
0.625728 0.518814 0.390000 0.940000
0.194643 1.293774 0.390000 0.940000
0.645903 0.503153 0.390000 0.950000
0.193940 1.296938 0.390000 0.950000
0.667718 0.486818 0.390000 0.960000
0.193372 1.299399 0.390000 0.960000
0.691610 0.469537 0.390000 0.970000
0.192990 1.300879 0.390000 0.970000
1.192869 0.228208 0.390000 1.020000
0.228205 1.192866 0.390000 1.020000
1.207065 0.222963 0.390000 1.030000
0.222975 1.207044 0.390000 1.030000
1.221434 0.217961 0.390000 1.040000
0.217975 1.221384 0.390000 1.040000
1.235756 0.213173 0.390000 1.050000
0.213187 1.235722 0.390000 1.050000
1.250061 0.208538 0.390000 1.060000
0.208564 1.249999 0.390000 1.060000
1.264292 0.204075 0.390000 1.070000
0.204104 1.264219 0.390000 1.070000
1.278451 0.199772 0.390000 1.080000
0.199804 1.278369 0.390000 1.080000
0.571398 0.563959 0.400000 0.890000
0.197514 1.280598 0.400000 0.890000
0.587356 0.550215 0.400000 0.900000
0.196521 1.285178 0.400000 0.900000
0.604178 0.536176 0.400000 0.910000
0.195610 1.289364 0.400000 0.910000
0.622040 0.521736 0.400000 0.920000
0.194795 1.293084 0.400000 0.920000
0.641090 0.506841 0.400000 0.930000
0.194088 1.296274 0.400000 0.930000
0.661586 0.491351 0.400000 0.940000
0.193511 1.298812 0.400000 0.940000
0.683819 0.475112 0.400000 0.950000
0.193091 1.300532 0.400000 0.950000
0.708475 0.457591 0.400000 0.960000
0.192857 1.301067 0.400000 0.960000
1.192809 0.228230 0.400000 1.010000
0.228198 1.192887 0.400000 1.010000
1.207024 0.222978 0.400000 1.020000
0.222969 1.207058 0.400000 1.020000
1.221432 0.217962 0.400000 1.030000
0.217977 1.221377 0.400000 1.030000
1.235776 0.213166 0.400000 1.040000
0.213190 1.235714 0.400000 1.040000
1.250052 0.208542 0.400000 1.050000
0.208566 1.249993 0.400000 1.050000
1.264285 0.204077 0.400000 1.060000
0.204103 1.264222 0.400000 1.060000
1.278438 0.199777 0.400000 1.070000
0.199804 1.278368 0.400000 1.070000
0.570190 0.565017 0.410000 0.870000
0.197597 1.280220 0.410000 0.870000
0.585510 0.551786 0.410000 0.880000
0.196630 1.284680 0.410000 0.880000
0.601635 0.538268 0.410000 0.890000
0.195744 1.288756 0.410000 0.890000
0.618659 0.524433 0.410000 0.900000
0.194939 1.292432 0.410000 0.900000
0.636740 0.510196 0.410000 0.910000
0.194237 1.295610 0.410000 0.910000
0.656058 0.495478 0.410000 0.920000
0.193643 1.298233 0.410000 0.920000
0.676887 0.480118 0.410000 0.930000
0.193198 1.300116 0.410000 0.930000
0.699566 0.463890 0.410000 0.940000
0.192915 1.301067 0.410000 0.940000
1.178781 0.233582 0.410000 0.990000
0.233546 1.178892 0.410000 0.990000
1.192837 0.228220 0.410000 1.000000
0.228201 1.192878 0.410000 1.000000
1.207044 0.222971 0.410000 1.010000
0.222972 1.207050 0.410000 1.010000
1.221400 0.217973 0.410000 1.020000
0.217974 1.221385 0.410000 1.020000
1.235759 0.213172 0.410000 1.030000
0.213189 1.235717 0.410000 1.030000
1.250060 0.208539 0.410000 1.040000
0.208566 1.249991 0.410000 1.040000
1.264298 0.204073 0.410000 1.050000
0.204105 1.264217 0.410000 1.050000
1.278458 0.199770 0.410000 1.060000
0.199806 1.278364 0.410000 1.060000
0.569072 0.565997 0.420000 0.850000
0.197670 1.279877 0.420000 0.850000
0.583809 0.553234 0.420000 0.860000
0.196728 1.284218 0.420000 0.860000
0.599266 0.540231 0.420000 0.870000
0.195860 1.288216 0.420000 0.870000
0.615545 0.526932 0.420000 0.880000
0.195074 1.291815 0.420000 0.880000
0.632757 0.513295 0.420000 0.890000
0.194374 1.294987 0.420000 0.890000
0.651069 0.499233 0.420000 0.900000
0.193783 1.297628 0.420000 0.900000
0.670664 0.484655 0.420000 0.910000
0.193311 1.299654 0.420000 0.910000
0.691763 0.469430 0.420000 0.920000
0.192987 1.300888 0.420000 0.920000
1.207052 0.222968 0.420000 1.000000
0.222974 1.207047 0.420000 1.000000
1.221404 0.217971 0.420000 1.010000
0.217972 1.221390 0.420000 1.010000
1.235776 0.213166 0.420000 1.020000
0.213187 1.235722 0.420000 1.020000
1.250069 0.208535 0.420000 1.030000
0.208566 1.249991 0.420000 1.030000
1.264280 0.204079 0.420000 1.040000
0.204102 1.264225 0.420000 1.040000
1.278439 0.199777 0.420000 1.050000
0.199805 1.278367 0.420000 1.050000
0.568021 0.566923 0.430000 0.830000
0.197739 1.279556 0.430000 0.830000
0.582235 0.554579 0.430000 0.840000
0.196826 1.283772 0.430000 0.840000
0.597083 0.542044 0.430000 0.850000
0.195976 1.287684 0.430000 0.850000
0.612675 0.529248 0.430000 0.860000
0.195202 1.291230 0.430000 0.860000
0.629116 0.516145 0.430000 0.870000
0.194511 1.294370 0.430000 0.870000
0.646520 0.502684 0.430000 0.880000
0.193918 1.297033 0.430000 0.880000
0.665052 0.488784 0.430000 0.890000
0.193426 1.299167 0.430000 0.890000
0.684908 0.474329 0.430000 0.900000
0.193076 1.300586 0.430000 0.900000
0.706343 0.459099 0.430000 0.910000
0.192869 1.301089 0.430000 0.910000
1.178817 0.233568 0.430000 0.970000
0.233549 1.178883 0.430000 0.970000
1.192858 0.228212 0.430000 0.980000
0.228202 1.192873 0.430000 0.980000
1.207075 0.222960 0.430000 0.990000
0.222973 1.207047 0.430000 0.990000
1.221430 0.217962 0.430000 1.000000
0.217975 1.221382 0.430000 1.000000
1.235765 0.213170 0.430000 1.010000
0.213189 1.235715 0.430000 1.010000
1.250076 0.208533 0.430000 1.020000
0.208568 1.249987 0.430000 1.020000
1.264312 0.204068 0.430000 1.030000
0.204105 1.264217 0.430000 1.030000
1.278445 0.199774 0.430000 1.040000
0.199805 1.278366 0.430000 1.040000
0.580748 0.555858 0.440000 0.820000
0.196913 1.283370 0.440000 0.820000
0.595064 0.543728 0.440000 0.830000
0.196088 1.287172 0.440000 0.830000
0.610040 0.531384 0.440000 0.840000
0.195327 1.290660 0.440000 0.840000
0.625772 0.518777 0.440000 0.850000
0.194644 1.293770 0.440000 0.850000
0.642362 0.505862 0.440000 0.860000
0.194049 1.296451 0.440000 0.860000
0.659926 0.492587 0.440000 0.870000
0.193546 1.298655 0.440000 0.870000
0.678669 0.478827 0.440000 0.880000
0.193167 1.300237 0.440000 0.880000
0.698728 0.464484 0.440000 0.890000
0.192921 1.301056 0.440000 0.890000
1.207088 0.222955 0.440000 0.980000
0.222978 1.207035 0.440000 0.980000
1.221405 0.217971 0.440000 0.990000
0.217974 1.221387 0.440000 0.990000
1.235776 0.213166 0.440000 1.000000
0.213190 1.235712 0.440000 1.000000
1.250049 0.208543 0.440000 1.010000
0.208565 1.249996 0.440000 1.010000
1.264288 0.204076 0.440000 1.020000
0.204102 1.264224 0.440000 1.020000
1.278434 0.199778 0.440000 1.030000
0.199802 1.278373 0.440000 1.030000
0.579386 0.557026 0.450000 0.800000
0.197002 1.282961 0.450000 0.800000
0.593162 0.545321 0.450000 0.810000
0.196191 1.286700 0.450000 0.810000
0.607579 0.533388 0.450000 0.820000
0.195445 1.290121 0.450000 0.820000
0.622663 0.521240 0.450000 0.830000
0.194773 1.293193 0.450000 0.830000
0.638527 0.508814 0.450000 0.840000
0.194175 1.295886 0.450000 0.840000
0.655264 0.496072 0.450000 0.850000
0.193670 1.298125 0.450000 0.850000
0.673000 0.482948 0.450000 0.860000
0.193267 1.299837 0.450000 0.860000
0.691909 0.469326 0.450000 0.870000
0.192983 1.300898 0.450000 0.870000
1.235767 0.213169 0.450000 0.990000
0.213190 1.235713 0.450000 0.990000
1.250049 0.208542 0.450000 1.000000
0.208564 1.249998 0.450000 1.000000
1.264287 0.204077 0.450000 1.010000
0.204103 1.264221 0.450000 1.010000
1.278418 0.199783 0.450000 1.020000
0.199802 1.278374 0.450000 1.020000
0.578096 0.558136 0.460000 0.780000
0.197089 1.282571 0.460000 0.780000
0.591404 0.546798 0.460000 0.790000
0.196289 1.286248 0.460000 0.790000
0.605278 0.535273 0.460000 0.800000
0.195558 1.289607 0.460000 0.800000
0.619776 0.523543 0.460000 0.810000
0.194884 1.292672 0.460000 0.810000
0.634977 0.511565 0.460000 0.820000
0.194295 1.295342 0.460000 0.820000
0.650963 0.499312 0.460000 0.830000
0.193786 1.297613 0.460000 0.830000
0.667844 0.486726 0.460000 0.840000
0.193370 1.299412 0.460000 0.840000
0.685767 0.473713 0.460000 0.850000
0.193062 1.300636 0.460000 0.850000
0.704775 0.460207 0.460000 0.860000
0.192876 1.301102 0.460000 0.860000
1.250056 0.208540 0.460000 0.990000
0.208567 1.249990 0.460000 0.990000
1.264318 0.204066 0.460000 1.000000
0.204107 1.264213 0.460000 1.000000
1.278446 0.199774 0.460000 1.010000
0.199805 1.278365 0.460000 1.010000
0.576880 0.559188 0.470000 0.760000
0.197162 1.282226 0.470000 0.760000
0.589747 0.548195 0.470000 0.770000
0.196380 1.285822 0.470000 0.770000
0.603135 0.537035 0.470000 0.780000
0.195663 1.289124 0.470000 0.780000
0.617103 0.525680 0.470000 0.790000
0.195008 1.292122 0.470000 0.790000
0.631691 0.514128 0.470000 0.800000
0.194414 1.294809 0.470000 0.800000
0.646985 0.502331 0.470000 0.810000
0.193898 1.297111 0.470000 0.810000
0.663088 0.490237 0.470000 0.820000
0.193476 1.298963 0.470000 0.820000
0.680107 0.477787 0.470000 0.830000
0.193144 1.300328 0.470000 0.830000
0.698157 0.464888 0.470000 0.840000
0.192923 1.301056 0.470000 0.840000
1.278436 0.199777 0.470000 1.000000
0.199801 1.278376 0.470000 1.000000
0.575731 0.560187 0.480000 0.740000
0.197229 1.281910 0.480000 0.740000
0.588192 0.549510 0.480000 0.750000
0.196468 1.285418 0.480000 0.750000
0.601130 0.538690 0.480000 0.760000
0.195764 1.288660 0.480000 0.760000
0.614598 0.527694 0.480000 0.770000
0.195118 1.291616 0.480000 0.770000
0.628633 0.516525 0.480000 0.780000
0.194529 1.294287 0.480000 0.780000
0.643311 0.505138 0.480000 0.790000
0.194013 1.296605 0.480000 0.790000
0.658710 0.493493 0.480000 0.800000
0.193579 1.298516 0.480000 0.800000
0.674909 0.481556 0.480000 0.810000
0.193234 1.299975 0.480000 0.810000
0.692016 0.469249 0.480000 0.820000
0.192986 1.300892 0.480000 0.820000
0.710497 0.456158 0.480000 0.830000
0.192846 1.301031 0.480000 0.830000
1.278435 0.199778 0.480000 0.990000
0.199804 1.278369 0.480000 0.990000
0.574660 0.561116 0.490000 0.720000
0.197300 1.281585 0.490000 0.720000
0.586747 0.550732 0.490000 0.730000
0.196562 1.284996 0.490000 0.730000
0.599260 0.540233 0.490000 0.740000
0.195863 1.288205 0.490000 0.740000
0.612249 0.529595 0.490000 0.750000
0.195221 1.291142 0.490000 0.750000
0.625784 0.518769 0.490000 0.760000
0.194643 1.293776 0.490000 0.760000
0.639899 0.507756 0.490000 0.770000
0.194128 1.296094 0.490000 0.770000
0.654645 0.496538 0.490000 0.780000
0.193681 1.298068 0.490000 0.780000
0.670132 0.485045 0.490000 0.790000
0.193323 1.299608 0.490000 0.790000
0.686438 0.473233 0.490000 0.800000
0.193050 1.300678 0.490000 0.800000
0.703624 0.461021 0.490000 0.810000
0.192884 1.301102 0.490000 0.810000
0.573665 0.561973 0.500000 0.700000
0.197383 1.281228 0.500000 0.700000
0.585363 0.551909 0.500000 0.710000
0.196638 1.284640 0.500000 0.710000
0.597483 0.541712 0.500000 0.720000
0.195956 1.287779 0.500000 0.720000
0.610054 0.531373 0.500000 0.730000
0.195325 1.290670 0.500000 0.730000
0.623104 0.520893 0.500000 0.740000
0.194748 1.293297 0.500000 0.740000
0.636703 0.510227 0.500000 0.750000
0.194232 1.295622 0.500000 0.750000
0.650878 0.499376 0.500000 0.760000
0.193788 1.297604 0.500000 0.760000
0.665708 0.488299 0.500000 0.770000
0.193418 1.299211 0.500000 0.770000
0.681259 0.476955 0.500000 0.780000
0.193125 1.300400 0.500000 0.780000
0.697650 0.465247 0.500000 0.790000
0.192930 1.301038 0.500000 0.790000
0.572696 0.562820 0.510000 0.680000
0.197444 1.280943 0.510000 0.680000
0.584077 0.553000 0.510000 0.690000
0.196725 1.284251 0.510000 0.690000
0.595831 0.543083 0.510000 0.700000
0.196053 1.287340 0.510000 0.700000
0.607990 0.533054 0.510000 0.710000
0.195428 1.290206 0.510000 0.710000
0.620599 0.522886 0.510000 0.720000
0.194854 1.292818 0.510000 0.720000
0.633712 0.512550 0.510000 0.730000
0.194342 1.295134 0.510000 0.730000
0.647361 0.502045 0.510000 0.740000
0.193890 1.297154 0.510000 0.740000
0.661597 0.491344 0.510000 0.750000
0.193509 1.298819 0.510000 0.750000
0.676498 0.480401 0.510000 0.760000
0.193203 1.300096 0.510000 0.760000
0.692134 0.469165 0.510000 0.770000
0.192984 1.300896 0.510000 0.770000
0.708615 0.457492 0.510000 0.780000
0.192855 1.301069 0.510000 0.780000
1.278433 0.199778 0.510000 0.960000
0.199804 1.278368 0.510000 0.960000
0.571791 0.563607 0.520000 0.660000
0.197509 1.280649 0.520000 0.660000
0.582848 0.554049 0.520000 0.670000
0.196800 1.283906 0.520000 0.670000
0.594261 0.544394 0.520000 0.680000
0.196146 1.286924 0.520000 0.680000
0.606050 0.534635 0.520000 0.690000
0.195532 1.289740 0.520000 0.690000
0.618258 0.524751 0.520000 0.700000
0.194965 1.292325 0.520000 0.700000
0.630897 0.514752 0.520000 0.710000
0.194433 1.294708 0.520000 0.710000
0.644074 0.504551 0.520000 0.720000
0.193995 1.296692 0.520000 0.720000
0.657766 0.494198 0.520000 0.730000
0.193603 1.298413 0.520000 0.730000
0.672053 0.483639 0.520000 0.740000
0.193286 1.299761 0.520000 0.740000
0.686981 0.472845 0.520000 0.750000
0.193044 1.300701 0.520000 0.750000
0.702722 0.461658 0.520000 0.760000
0.192890 1.301098 0.520000 0.760000
1.264293 0.204074 0.520000 0.940000
0.204102 1.264224 0.520000 0.940000
1.278449 0.199773 0.520000 0.950000
0.199806 1.278364 0.520000 0.950000
0.570928 0.564361 0.530000 0.640000
0.197569 1.280377 0.530000 0.640000
0.581681 0.555049 0.530000 0.650000
0.196875 1.283569 0.530000 0.650000
0.592766 0.545648 0.530000 0.660000
0.196224 1.286561 0.530000 0.660000
0.604211 0.536143 0.530000 0.670000
0.195619 1.289335 0.530000 0.670000
0.616036 0.526534 0.530000 0.680000
0.195060 1.291889 0.530000 0.680000
0.628284 0.516796 0.530000 0.690000
0.194552 1.294196 0.530000 0.690000
0.640982 0.506922 0.530000 0.700000
0.194096 1.296245 0.530000 0.700000
0.654158 0.496907 0.530000 0.710000
0.193688 1.298032 0.530000 0.710000
0.667899 0.486687 0.530000 0.720000
0.193361 1.299440 0.530000 0.720000
0.682254 0.476238 0.530000 0.730000
0.193113 1.300450 0.530000 0.730000
0.697221 0.465551 0.530000 0.740000
0.192932 1.301037 0.530000 0.740000
0.570096 0.565101 0.540000 0.620000
0.197600 1.280201 0.540000 0.620000
0.580578 0.555995 0.540000 0.630000
0.196937 1.283271 0.540000 0.630000
0.591356 0.546832 0.540000 0.640000
0.196304 1.286192 0.540000 0.640000
0.602469 0.537577 0.540000 0.650000
0.195711 1.288922 0.540000 0.650000
0.613938 0.528225 0.540000 0.660000
0.195154 1.291461 0.540000 0.660000
0.625810 0.518744 0.540000 0.670000
0.194650 1.293753 0.540000 0.670000
0.638089 0.509149 0.540000 0.680000
0.194203 1.295778 0.540000 0.680000
0.650815 0.499423 0.540000 0.690000
0.193793 1.297585 0.540000 0.690000
0.664049 0.489524 0.540000 0.700000
0.193457 1.299046 0.540000 0.700000
0.677799 0.479459 0.540000 0.710000
0.193174 1.300205 0.540000 0.710000
1.264295 0.204074 0.540000 0.920000
0.204102 1.264226 0.540000 0.920000
1.278446 0.199774 0.540000 0.930000
0.199805 1.278367 0.540000 0.930000
0.579532 0.556893 0.550000 0.610000
0.197006 1.282958 0.550000 0.610000
0.590022 0.547954 0.550000 0.620000
0.196383 1.285835 0.550000 0.620000
0.600824 0.538932 0.550000 0.630000
0.195799 1.288522 0.550000 0.630000
0.611960 0.529821 0.550000 0.640000
0.195249 1.291034 0.550000 0.640000
0.623464 0.520600 0.550000 0.650000
0.194751 1.293304 0.550000 0.650000
0.647659 0.501814 0.550000 0.670000
0.193893 1.297153 0.550000 0.670000
1.264284 0.204077 0.550000 0.910000
0.204103 1.264222 0.550000 0.910000
1.278438 0.199777 0.550000 0.920000
0.199804 1.278367 0.550000 0.920000
0.588748 0.549030 0.560000 0.600000
0.196456 1.285498 0.560000 0.600000
0.599257 0.540232 0.560000 0.610000
0.195880 1.288153 0.560000 0.610000
0.610086 0.531341 0.560000 0.620000
0.195340 1.290622 0.560000 0.620000
0.621250 0.522359 0.560000 0.630000
0.194846 1.292881 0.560000 0.630000
1.301118 0.192909 0.560000 0.640000
0.463539 0.700034 0.560000 0.640000
1.164811 0.238935 0.560000 0.830000
0.238910 1.164869 0.560000 0.830000
1.178860 0.233552 0.560000 0.840000
0.233554 1.178869 0.560000 0.840000
1.192893 0.228199 0.560000 0.850000
0.228202 1.192873 0.560000 0.850000
1.207071 0.222961 0.560000 0.860000
0.222973 1.207048 0.560000 0.860000
1.221449 0.217956 0.560000 0.870000
0.217979 1.221372 0.560000 0.870000
1.235772 0.213167 0.560000 0.880000
0.213189 1.235717 0.560000 0.880000
1.250059 0.208539 0.560000 0.890000
0.208566 1.249993 0.560000 0.890000
1.264286 0.204077 0.560000 0.900000
0.204104 1.264219 0.560000 0.900000
1.278441 0.199775 0.560000 0.910000
0.199805 1.278367 0.560000 0.910000
0.597775 0.541459 0.570000 0.590000
0.195962 1.287778 0.570000 0.590000
1.295266 0.194320 0.570000 0.600000
0.512092 0.634276 0.570000 0.600000
0.619141 0.524043 0.570000 0.610000
0.194930 1.292489 0.570000 0.610000
1.299853 0.193274 0.570000 0.620000
0.483060 0.672813 0.570000 0.620000
1.300932 0.192985 0.570000 0.630000
0.469012 0.692317 0.570000 0.630000
0.653779 0.497191 0.570000 0.640000
0.193699 1.297982 0.570000 0.640000
1.164874 0.238912 0.570000 0.820000
0.238921 1.164836 0.570000 0.820000
1.178864 0.233551 0.570000 0.830000
0.233556 1.178865 0.570000 0.830000
1.192892 0.228200 0.570000 0.840000
0.228206 1.192861 0.570000 0.840000
1.207071 0.222961 0.570000 0.850000
0.222975 1.207043 0.570000 0.850000
1.221435 0.217961 0.570000 0.860000
0.217978 1.221376 0.570000 0.860000
1.235773 0.213167 0.570000 0.870000
0.213189 1.235714 0.570000 0.870000
1.250057 0.208540 0.570000 0.880000
0.208564 1.249997 0.570000 0.880000
1.264285 0.204077 0.570000 0.890000
0.204102 1.264224 0.570000 0.890000
1.278439 0.199776 0.570000 0.900000
0.199802 1.278374 0.570000 0.900000
1.289937 0.195487 0.580000 0.580000
0.534191 0.606586 0.580000 0.580000
1.293807 0.194642 0.580000 0.590000
0.518743 0.625794 0.580000 0.590000
1.296881 0.193961 0.580000 0.600000
0.503706 0.645152 0.580000 0.600000
1.299190 0.193429 0.580000 0.610000
0.489040 0.664676 0.580000 0.610000
1.300616 0.193078 0.580000 0.620000
0.474675 0.684395 0.580000 0.620000
1.301151 0.192876 0.580000 0.630000
0.460598 0.704193 0.580000 0.630000
1.164880 0.238910 0.580000 0.810000
0.238927 1.164821 0.580000 0.810000
1.178854 0.233555 0.580000 0.820000
0.233551 1.178878 0.580000 0.820000
1.192897 0.228198 0.580000 0.830000
0.228209 1.192854 0.580000 0.830000
1.207071 0.222961 0.580000 0.840000
0.222975 1.207043 0.580000 0.840000
1.221438 0.217960 0.580000 0.850000
0.217980 1.221371 0.580000 0.850000
1.235773 0.213167 0.580000 0.860000
0.213187 1.235722 0.580000 0.860000
1.250054 0.208541 0.580000 0.870000
0.208567 1.249990 0.580000 0.870000
1.264295 0.204074 0.580000 0.880000
0.204105 1.264217 0.580000 0.880000
1.278437 0.199777 0.580000 0.890000
0.199803 1.278371 0.580000 0.890000
1.287790 0.195960 0.590000 0.570000
0.541456 0.597772 0.590000 0.570000
0.625805 0.518752 0.590000 0.580000
0.194643 1.293778 0.590000 0.580000
1.295652 0.194233 0.590000 0.590000
0.510241 0.636660 0.590000 0.590000
1.298277 0.193645 0.590000 0.600000
0.495216 0.656373 0.590000 0.600000
1.300105 0.193212 0.590000 0.610000
0.480548 0.676263 0.590000 0.610000
1.301040 0.192945 0.590000 0.620000
0.466166 0.696323 0.590000 0.620000
1.164891 0.238905 0.590000 0.800000
0.238927 1.164820 0.590000 0.800000
1.178884 0.233544 0.590000 0.810000
0.233561 1.178850 0.590000 0.810000
1.192893 0.228200 0.590000 0.820000
0.228203 1.192870 0.590000 0.820000
1.207076 0.222960 0.590000 0.830000
0.222973 1.207048 0.590000 0.830000
1.221432 0.217961 0.590000 0.840000
0.217974 1.221387 0.590000 0.840000
1.235778 0.213165 0.590000 0.850000
0.213191 1.235709 0.590000 0.850000
1.250051 0.208542 0.590000 0.860000
0.208566 1.249994 0.590000 0.860000
1.264283 0.204078 0.590000 0.870000
0.204103 1.264222 0.590000 0.870000
1.278445 0.199774 0.590000 0.880000
0.199804 1.278368 0.590000 0.880000
1.285503 0.196453 0.600000 0.560000
0.549030 0.588748 0.600000 0.560000
0.634289 0.512102 0.600000 0.570000
0.194320 1.295234 0.600000 0.570000
0.645167 0.503717 0.600000 0.580000
0.193961 1.296846 0.600000 0.580000
0.656388 0.495228 0.600000 0.590000
0.193645 1.298240 0.600000 0.590000
1.299468 0.193365 0.600000 0.600000
0.486629 0.667943 0.600000 0.600000
1.300805 0.193024 0.600000 0.610000
0.471936 0.688218 0.600000 0.610000
1.301101 0.192854 0.600000 0.620000
0.457378 0.708748 0.600000 0.620000
1.164797 0.238940 0.600000 0.790000
0.238904 1.164886 0.600000 0.790000
1.178865 0.233551 0.600000 0.800000
0.233556 1.178863 0.600000 0.800000
1.192882 0.228203 0.600000 0.810000
0.228204 1.192866 0.600000 0.810000
1.207069 0.222962 0.600000 0.820000
0.222974 1.207046 0.600000 0.820000
1.221425 0.217964 0.600000 0.830000
0.217975 1.221383 0.600000 0.830000
1.235775 0.213166 0.600000 0.840000
0.213190 1.235713 0.600000 0.840000
1.250049 0.208543 0.600000 0.850000
0.208564 1.249998 0.600000 0.850000
1.264294 0.204074 0.600000 0.860000
0.204102 1.264224 0.600000 0.860000
1.278438 0.199777 0.600000 0.870000
0.199804 1.278367 0.600000 0.870000
1.282955 0.197002 0.610000 0.550000
0.556896 0.579536 0.610000 0.550000
1.288166 0.195878 0.610000 0.560000
0.540229 0.599253 0.610000 0.560000
1.292515 0.194930 0.610000 0.570000
0.524035 0.619131 0.610000 0.570000
0.664692 0.489052 0.610000 0.580000
0.193428 1.299151 0.610000 0.580000
0.676279 0.480559 0.610000 0.590000
0.193212 1.300065 0.610000 0.590000
0.688234 0.471947 0.610000 0.600000
0.193024 1.300765 0.610000 0.600000
1.301113 0.192908 0.610000 0.610000
0.463175 0.700547 0.610000 0.610000
1.164857 0.238918 0.610000 0.780000
0.238919 1.164843 0.610000 0.780000
1.178867 0.233550 0.610000 0.790000
0.233556 1.178863 0.610000 0.790000
1.192869 0.228208 0.610000 0.800000
0.228200 1.192880 0.610000 0.800000
1.207090 0.222955 0.610000 0.810000
0.222980 1.207029 0.610000 0.810000
1.221439 0.217959 0.610000 0.820000
0.217979 1.221372 0.610000 0.820000
1.235768 0.213169 0.610000 0.830000
0.213186 1.235725 0.610000 0.830000
1.250052 0.208542 0.610000 0.840000
0.208564 1.249997 0.610000 0.840000
1.264288 0.204076 0.610000 0.850000
0.204102 1.264224 0.610000 0.850000
1.278441 0.199776 0.610000 0.860000
0.199803 1.278371 0.610000 0.860000
1.280189 0.197595 0.620000 0.540000
0.565108 0.570103 0.620000 0.540000
1.285841 0.196380 0.620000 0.550000
0.547954 0.590022 0.620000 0.550000
1.290643 0.195339 0.620000 0.560000
0.531335 0.610079 0.620000 0.560000
0.672829 0.483071 0.620000 0.570000
0.193274 1.299814 0.620000 0.570000
0.684411 0.474687 0.620000 0.580000
0.193078 1.300577 0.620000 0.580000
0.696340 0.466176 0.620000 0.590000
0.192946 1.301001 0.620000 0.590000
0.708763 0.457387 0.620000 0.600000
0.192855 1.301063 0.620000 0.600000
1.178874 0.233547 0.620000 0.780000
0.233558 1.178859 0.620000 0.780000
1.192884 0.228203 0.620000 0.790000
0.228206 1.192864 0.620000 0.790000
1.207087 0.222956 0.620000 0.800000
0.222976 1.207041 0.620000 0.800000
1.221436 0.217960 0.620000 0.810000
0.217977 1.221378 0.620000 0.810000
1.235777 0.213166 0.620000 0.820000
0.213191 1.235710 0.620000 0.820000
1.250054 0.208541 0.620000 0.830000
0.208566 1.249993 0.620000 0.830000
1.264287 0.204077 0.620000 0.840000
0.204104 1.264220 0.620000 0.840000
1.278439 0.199777 0.620000 0.850000
0.199802 1.278374 0.620000 0.850000
1.283269 0.196934 0.630000 0.540000
0.555998 0.580581 0.630000 0.540000
1.288536 0.195797 0.630000 0.550000
0.538928 0.600820 0.630000 0.550000
1.292908 0.194845 0.630000 0.560000
0.522351 0.621240 0.630000 0.560000
0.692333 0.469022 0.630000 0.570000
0.192986 1.300892 0.630000 0.570000
0.704209 0.460608 0.630000 0.580000
0.192876 1.301113 0.630000 0.580000
1.178878 0.233546 0.630000 0.770000
0.233555 1.178866 0.630000 0.770000
1.192896 0.228198 0.630000 0.780000
0.228210 1.192852 0.630000 0.780000
1.207086 0.222956 0.630000 0.790000
0.222979 1.207032 0.630000 0.790000
1.221444 0.217957 0.630000 0.800000
0.217979 1.221373 0.630000 0.800000
1.235768 0.213169 0.630000 0.810000
0.213189 1.235716 0.630000 0.810000
1.250053 0.208541 0.630000 0.820000
0.208565 1.249996 0.630000 0.820000
1.264291 0.204075 0.630000 0.830000
0.204104 1.264219 0.630000 0.830000
1.278437 0.199777 0.630000 0.840000
0.199804 1.278369 0.630000 0.840000
1.280366 0.197564 0.640000 0.530000
0.564368 0.570935 0.640000 0.530000
1.286199 0.196302 0.640000 0.540000
0.546831 0.591355 0.640000 0.540000
1.291056 0.195248 0.640000 0.550000
0.529814 0.611952 0.640000 0.550000
0.700050 0.463548 0.640000 0.560000
0.192909 1.301078 0.640000 0.560000
1.298019 0.193700 0.640000 0.570000
0.497179 0.653764 0.640000 0.570000
1.178851 0.233556 0.640000 0.760000
0.233553 1.178871 0.640000 0.760000
1.192877 0.228205 0.640000 0.770000
0.228202 1.192872 0.640000 0.770000
1.207062 0.222965 0.640000 0.780000
0.222973 1.207048 0.640000 0.780000
1.221424 0.217964 0.640000 0.790000
0.217975 1.221384 0.640000 0.790000
1.235778 0.213166 0.640000 0.800000
0.213190 1.235714 0.640000 0.800000
1.250055 0.208540 0.640000 0.810000
0.208566 1.249993 0.640000 0.810000
1.264290 0.204075 0.640000 0.820000
0.204104 1.264220 0.640000 0.820000
1.278445 0.199774 0.640000 0.830000
0.199805 1.278365 0.640000 0.830000
1.283568 0.196871 0.650000 0.530000
0.555052 0.581684 0.650000 0.530000
1.288938 0.195709 0.650000 0.540000
0.537573 0.602464 0.650000 0.540000
1.293332 0.194751 0.650000 0.550000
0.520591 0.623453 0.650000 0.550000
1.178796 0.233576 0.650000 0.750000
0.233537 1.178916 0.650000 0.750000
1.192893 0.228199 0.650000 0.760000
0.228205 1.192865 0.650000 0.760000
1.207071 0.222961 0.650000 0.770000
0.222974 1.207047 0.650000 0.770000
1.221424 0.217965 0.650000 0.780000
0.217969 1.221400 0.650000 0.780000
1.235769 0.213169 0.650000 0.790000
0.213189 1.235715 0.650000 0.790000
1.250058 0.208539 0.650000 0.800000
0.208567 1.249991 0.650000 0.800000
1.264294 0.204074 0.650000 0.810000
0.204106 1.264215 0.650000 0.810000
1.278438 0.199777 0.650000 0.820000
0.199805 1.278366 0.650000 0.820000
1.280640 0.197504 0.660000 0.520000
0.563613 0.571798 0.660000 0.520000
1.286570 0.196221 0.660000 0.530000
0.545646 0.592765 0.660000 0.530000
1.291484 0.195153 0.660000 0.540000
0.528217 0.613930 0.660000 0.540000
1.178872 0.233548 0.660000 0.740000
0.233561 1.178850 0.660000 0.740000
1.192884 0.228203 0.660000 0.750000
0.228203 1.192870 0.660000 0.750000
1.207066 0.222963 0.660000 0.760000
0.222973 1.207048 0.660000 0.760000
1.221435 0.217960 0.660000 0.770000
0.217975 1.221383 0.660000 0.770000
1.235755 0.213174 0.660000 0.780000
0.213186 1.235725 0.660000 0.780000
1.250056 0.208540 0.660000 0.790000
0.208564 1.249997 0.660000 0.790000
1.264279 0.204080 0.660000 0.800000
0.204102 1.264226 0.660000 0.800000
1.278442 0.199775 0.660000 0.810000
0.199801 1.278377 0.660000 0.810000
1.283906 0.196797 0.670000 0.520000
0.554052 0.582850 0.670000 0.520000
1.289352 0.195618 0.670000 0.530000
0.536138 0.604205 0.670000 0.530000
1.293782 0.194650 0.670000 0.540000
0.518735 0.625799 0.670000 0.540000
1.297189 0.193893 0.670000 0.550000
0.501802 0.647645 0.670000 0.550000
1.192877 0.228205 0.670000 0.740000
0.228201 1.192877 0.670000 0.740000
1.207073 0.222961 0.670000 0.750000
0.222978 1.207036 0.670000 0.750000
1.221439 0.217959 0.670000 0.760000
0.217977 1.221377 0.670000 0.760000
1.235769 0.213169 0.670000 0.770000
0.213189 1.235715 0.670000 0.770000
1.250053 0.208541 0.670000 0.780000
0.208565 1.249994 0.670000 0.780000
1.264288 0.204076 0.670000 0.790000
0.204104 1.264220 0.670000 0.790000
1.278439 0.199776 0.670000 0.800000
0.199803 1.278371 0.670000 0.800000
1.280935 0.197439 0.680000 0.510000
0.562826 0.572702 0.680000 0.510000
1.286934 0.196144 0.680000 0.520000
0.544395 0.594256 0.680000 0.520000
1.291913 0.195060 0.680000 0.530000
0.526527 0.616027 0.680000 0.530000
1.295812 0.194203 0.680000 0.540000
0.509138 0.638075 0.680000 0.540000
1.178852 0.233555 0.680000 0.720000
0.233552 1.178874 0.680000 0.720000
1.192896 0.228198 0.680000 0.730000
0.228208 1.192856 0.680000 0.730000
1.207098 0.222952 0.680000 0.740000
0.222981 1.207027 0.680000 0.740000
1.221437 0.217960 0.680000 0.750000
0.217978 1.221376 0.680000 0.750000
1.235782 0.213164 0.680000 0.760000
0.213192 1.235707 0.680000 0.760000
1.250051 0.208542 0.680000 0.770000
0.208565 1.249997 0.680000 0.770000
1.264283 0.204078 0.680000 0.780000
0.204102 1.264226 0.680000 0.780000
1.278438 0.199777 0.680000 0.790000
0.199802 1.278375 0.680000 0.790000
1.284252 0.196721 0.690000 0.510000
0.553002 0.584079 0.690000 0.510000
1.289759 0.195531 0.690000 0.520000
0.534630 0.606044 0.690000 0.520000
1.294226 0.194552 0.690000 0.530000
0.516786 0.628272 0.690000 0.530000
1.297622 0.193793 0.690000 0.540000
0.499412 0.650800 0.690000 0.540000
1.178876 0.233547 0.690000 0.710000
0.233560 1.178851 0.690000 0.710000
1.192885 0.228202 0.690000 0.720000
0.228206 1.192861 0.690000 0.720000
1.207085 0.222957 0.690000 0.730000
0.222978 1.207036 0.690000 0.730000
1.221427 0.217963 0.690000 0.740000
0.217974 1.221387 0.690000 0.740000
1.235753 0.213175 0.690000 0.750000
0.213182 1.235737 0.690000 0.750000
1.250059 0.208539 0.690000 0.760000
0.208566 1.249992 0.690000 0.760000
1.264287 0.204077 0.690000 0.770000
0.204101 1.264227 0.690000 0.770000
1.278436 0.199777 0.690000 0.780000
0.199802 1.278372 0.690000 0.780000
1.281220 0.197378 0.700000 0.500000
0.561979 0.573671 0.700000 0.500000
1.287351 0.196051 0.700000 0.510000
0.543081 0.595828 0.700000 0.510000
1.292351 0.194965 0.700000 0.520000
0.524743 0.618248 0.700000 0.520000
1.296279 0.194096 0.700000 0.530000
0.506911 0.640968 0.700000 0.530000
1.299084 0.193458 0.700000 0.540000
0.489512 0.664033 0.700000 0.540000
1.178851 0.233556 0.700000 0.700000
0.233552 1.178876 0.700000 0.700000
1.192877 0.228205 0.700000 0.710000
0.228205 1.192865 0.700000 0.710000
1.207079 0.222958 0.700000 0.720000
0.222976 1.207041 0.700000 0.720000
1.221442 0.217958 0.700000 0.730000
0.217978 1.221376 0.700000 0.730000
1.235761 0.213171 0.700000 0.740000
0.213186 1.235726 0.700000 0.740000
1.250056 0.208540 0.700000 0.750000
0.208567 1.249991 0.700000 0.750000
1.264288 0.204076 0.700000 0.760000
0.204103 1.264221 0.700000 0.760000
1.278436 0.199777 0.700000 0.770000
0.199802 1.278373 0.700000 0.770000
1.284642 0.196634 0.710000 0.500000
0.551910 0.585365 0.710000 0.500000
1.290225 0.195427 0.710000 0.510000
0.533049 0.607983 0.710000 0.510000
1.294739 0.194432 0.710000 0.520000
0.514742 0.630885 0.710000 0.520000
1.298069 0.193688 0.710000 0.530000
0.496896 0.654142 0.710000 0.530000
1.300245 0.193174 0.710000 0.540000
0.479448 0.677783 0.710000 0.540000
1.178828 0.233564 0.710000 0.690000
0.233543 1.178899 0.710000 0.690000
1.192885 0.228202 0.710000 0.700000
0.228208 1.192857 0.710000 0.700000
1.207103 0.222950 0.710000 0.710000
0.222984 1.207019 0.710000 0.710000
1.221436 0.217960 0.710000 0.720000
0.217979 1.221372 0.710000 0.720000
1.235762 0.213171 0.710000 0.730000
0.213187 1.235721 0.710000 0.730000
1.250050 0.208542 0.710000 0.740000
0.208564 1.249998 0.710000 0.740000
1.264281 0.204079 0.710000 0.750000
0.204099 1.264232 0.710000 0.750000
1.278441 0.199776 0.710000 0.760000
0.199802 1.278373 0.710000 0.760000
1.281578 0.197295 0.720000 0.490000
0.561121 0.574665 0.720000 0.490000
1.287791 0.195954 0.720000 0.500000
0.541709 0.597480 0.720000 0.500000
1.292845 0.194853 0.720000 0.510000
0.522877 0.620589 0.720000 0.510000
1.296727 0.193995 0.720000 0.520000
0.504540 0.644060 0.720000 0.520000
1.299479 0.193361 0.720000 0.530000
0.486675 0.667883 0.720000 0.530000
1.178851 0.233556 0.720000 0.680000
0.233552 1.178875 0.720000 0.680000
1.192881 0.228204 0.720000 0.690000
0.228205 1.192865 0.720000 0.690000
1.207072 0.222961 0.720000 0.700000
0.222973 1.207048 0.720000 0.700000
1.221431 0.217962 0.720000 0.710000
0.217977 1.221377 0.720000 0.710000
1.235778 0.213165 0.720000 0.720000
0.213192 1.235707 0.720000 0.720000
1.250056 0.208540 0.720000 0.730000
0.208566 1.249993 0.720000 0.730000
1.264285 0.204077 0.720000 0.740000
0.204102 1.264224 0.720000 0.740000
1.278439 0.199776 0.720000 0.750000
0.199804 1.278367 0.720000 0.750000
1.284999 0.196559 0.730000 0.490000
0.550732 0.586748 0.730000 0.490000
1.290690 0.195324 0.730000 0.500000
0.531367 0.610047 0.730000 0.500000
1.295166 0.194342 0.730000 0.510000
0.512539 0.633700 0.730000 0.510000
1.298451 0.193603 0.730000 0.520000
0.494187 0.657750 0.730000 0.520000
1.300490 0.193112 0.730000 0.530000
0.476226 0.682238 0.730000 0.530000
1.192876 0.228205 0.730000 0.680000
0.228201 1.192876 0.730000 0.680000
1.207067 0.222963 0.730000 0.690000
0.222971 1.207054 0.730000 0.690000
1.221436 0.217960 0.730000 0.700000
0.217975 1.221382 0.730000 0.700000
1.235780 0.213165 0.730000 0.710000
0.213194 1.235703 0.730000 0.710000
1.250056 0.208540 0.730000 0.720000
0.208566 1.249993 0.730000 0.720000
1.264288 0.204076 0.730000 0.730000
0.204103 1.264222 0.730000 0.730000
1.278438 0.199777 0.730000 0.740000
0.199801 1.278376 0.730000 0.740000
1.281904 0.197225 0.740000 0.480000
0.560192 0.575736 0.740000 0.480000
1.288218 0.195861 0.740000 0.490000
0.540230 0.599257 0.740000 0.490000
1.293325 0.194747 0.740000 0.500000
0.520884 0.623094 0.740000 0.500000
1.297190 0.193890 0.740000 0.510000
0.502033 0.647347 0.740000 0.510000
1.299800 0.193286 0.740000 0.520000
0.483628 0.672037 0.740000 0.520000
1.301076 0.192931 0.740000 0.530000
0.465541 0.697205 0.740000 0.530000
1.178827 0.233565 0.740000 0.660000
0.233544 1.178895 0.740000 0.660000
1.192897 0.228198 0.740000 0.670000
0.228208 1.192858 0.740000 0.670000
1.207058 0.222966 0.740000 0.680000
0.222966 1.207067 0.740000 0.680000
1.221446 0.217957 0.740000 0.690000
0.217981 1.221367 0.740000 0.690000
1.235784 0.213163 0.740000 0.700000
0.213194 1.235702 0.740000 0.700000
1.250061 0.208538 0.740000 0.710000
0.208568 1.249987 0.740000 0.710000
1.264293 0.204075 0.740000 0.720000
0.204105 1.264217 0.740000 0.720000
1.278449 0.199773 0.740000 0.730000
0.199805 1.278365 0.740000 0.730000
1.285423 0.196465 0.750000 0.480000
0.549511 0.588192 0.750000 0.480000
1.291164 0.195220 0.750000 0.490000
0.529588 0.612241 0.750000 0.490000
1.295655 0.194233 0.750000 0.500000
0.510217 0.636690 0.750000 0.500000
1.298857 0.193509 0.750000 0.510000
0.491332 0.661581 0.750000 0.510000
1.300741 0.193043 0.750000 0.520000
0.472834 0.686964 0.750000 0.520000
1.178893 0.233541 0.750000 0.650000
0.233572 1.178819 0.750000 0.650000
1.192890 0.228200 0.750000 0.660000
0.228205 1.192864 0.750000 0.660000
1.207067 0.222963 0.750000 0.670000
0.222975 1.207042 0.750000 0.670000
1.221436 0.217960 0.750000 0.680000
0.217977 1.221378 0.750000 0.680000
1.235796 0.213159 0.750000 0.690000
0.213197 1.235694 0.750000 0.690000
1.250054 0.208541 0.750000 0.700000
0.208566 1.249993 0.750000 0.700000
1.264300 0.204072 0.750000 0.710000
0.204106 1.264212 0.750000 0.710000
1.278440 0.199776 0.750000 0.720000
0.199805 1.278367 0.750000 0.720000
1.282220 0.197158 0.760000 0.470000
0.559193 0.576885 0.760000 0.470000
1.288675 0.195762 0.760000 0.480000
0.538686 0.601125 0.760000 0.480000
1.293804 0.194643 0.760000 0.490000
0.518759 0.625773 0.760000 0.490000
1.297640 0.193788 0.760000 0.500000
0.499364 0.650863 0.760000 0.500000
1.300136 0.193203 0.760000 0.510000
0.480390 0.676481 0.760000 0.510000
1.301137 0.192890 0.760000 0.520000
0.461649 0.702707 0.760000 0.520000
1.178848 0.233557 0.760000 0.640000
0.233552 1.178874 0.760000 0.640000
1.192885 0.228202 0.760000 0.650000
0.228202 1.192873 0.760000 0.650000
1.207079 0.222959 0.760000 0.660000
0.222978 1.207035 0.760000 0.660000
1.221437 0.217960 0.760000 0.670000
0.217976 1.221379 0.760000 0.670000
1.235766 0.213170 0.760000 0.680000
0.213186 1.235723 0.760000 0.680000
1.250055 0.208541 0.760000 0.690000
0.208565 1.249996 0.760000 0.690000
1.264290 0.204076 0.760000 0.700000
0.204104 1.264219 0.760000 0.700000
1.278446 0.199774 0.760000 0.710000
0.199804 1.278369 0.760000 0.710000
1.285828 0.196377 0.770000 0.470000
0.548194 0.589747 0.770000 0.470000
1.291639 0.195118 0.770000 0.480000
0.527687 0.614589 0.770000 0.480000
1.296128 0.194128 0.770000 0.490000
0.507745 0.639885 0.770000 0.490000
1.299250 0.193418 0.770000 0.500000
0.488287 0.665692 0.770000 0.500000
1.300936 0.192984 0.770000 0.510000
0.469154 0.692117 0.770000 0.510000
1.178843 0.233558 0.770000 0.630000
0.233543 1.178901 0.770000 0.630000
1.192892 0.228200 0.770000 0.640000
0.228208 1.192857 0.770000 0.640000
1.207078 0.222959 0.770000 0.650000
0.222976 1.207041 0.770000 0.650000
1.221442 0.217958 0.770000 0.660000
0.217978 1.221376 0.770000 0.660000
1.235773 0.213167 0.770000 0.670000
0.213191 1.235710 0.770000 0.670000
1.250060 0.208539 0.770000 0.680000
0.208568 1.249988 0.770000 0.680000
1.264295 0.204073 0.770000 0.690000
0.204104 1.264218 0.770000 0.690000
1.278446 0.199774 0.770000 0.700000
0.199806 1.278364 0.770000 0.700000
1.282567 0.197084 0.780000 0.460000
0.558140 0.578100 0.780000 0.460000
1.289141 0.195661 0.780000 0.470000
0.537030 0.603129 0.780000 0.470000
1.294317 0.194529 0.780000 0.480000
0.516515 0.628621 0.780000 0.480000
1.298105 0.193681 0.780000 0.490000
0.496527 0.654629 0.780000 0.490000
1.300440 0.193125 0.780000 0.500000
0.476944 0.681242 0.780000 0.500000
1.301107 0.192854 0.780000 0.510000
0.457483 0.708600 0.780000 0.510000
1.164842 0.238924 0.780000 0.610000
0.238913 1.164858 0.780000 0.610000
1.178835 0.233561 0.780000 0.620000
0.233544 1.178897 0.780000 0.620000
1.192872 0.228207 0.780000 0.630000
0.228201 1.192876 0.780000 0.630000
1.207078 0.222959 0.780000 0.640000
0.222979 1.207031 0.780000 0.640000
1.221460 0.217952 0.780000 0.650000
0.217982 1.221364 0.780000 0.650000
1.235784 0.213163 0.780000 0.660000
0.213196 1.235696 0.780000 0.660000
1.250057 0.208540 0.780000 0.670000
0.208567 1.249990 0.780000 0.670000
1.264294 0.204074 0.780000 0.680000
0.204106 1.264214 0.780000 0.680000
1.278445 0.199774 0.780000 0.690000
0.199806 1.278363 0.780000 0.690000
1.286255 0.196286 0.790000 0.460000
0.546797 0.591403 0.790000 0.460000
1.292147 0.195007 0.790000 0.470000
0.525672 0.617094 0.790000 0.470000
1.296640 0.194013 0.790000 0.480000
0.505126 0.643296 0.790000 0.480000
1.299647 0.193323 0.790000 0.490000
0.485034 0.670116 0.790000 0.490000
1.301077 0.192930 0.790000 0.500000
0.465237 0.697634 0.790000 0.500000
1.164885 0.238908 0.790000 0.600000
0.238936 1.164798 0.790000 0.600000
1.178840 0.233560 0.790000 0.610000
0.233546 1.178890 0.790000 0.610000
1.192884 0.228203 0.790000 0.620000
0.228205 1.192864 0.790000 0.620000
1.207063 0.222964 0.790000 0.630000
0.222971 1.207055 0.790000 0.630000
1.221443 0.217958 0.790000 0.640000
0.217982 1.221365 0.790000 0.640000
1.235773 0.213167 0.790000 0.650000
0.213191 1.235710 0.790000 0.650000
1.250060 0.208539 0.790000 0.660000
0.208566 1.249993 0.790000 0.660000
1.264288 0.204076 0.790000 0.670000
0.204104 1.264219 0.790000 0.670000
1.278448 0.199773 0.790000 0.680000
0.199805 1.278365 0.790000 0.680000
1.282958 0.196998 0.800000 0.450000
0.557030 0.579390 0.800000 0.450000
1.289624 0.195557 0.800000 0.460000
0.535268 0.605272 0.800000 0.460000
1.294841 0.194414 0.800000 0.470000
0.514118 0.631678 0.800000 0.470000
1.298554 0.193580 0.800000 0.480000
0.493481 0.658695 0.800000 0.480000
1.300718 0.193049 0.800000 0.490000
0.473222 0.686422 0.800000 0.490000
1.164819 0.238932 0.800000 0.590000
0.238901 1.164893 0.800000 0.590000
1.178840 0.233560 0.800000 0.600000
0.233547 1.178888 0.800000 0.600000
1.192900 0.228197 0.800000 0.610000
0.228211 1.192849 0.800000 0.610000
1.207072 0.222961 0.800000 0.620000
0.222970 1.207056 0.800000 0.620000
1.221433 0.217961 0.800000 0.630000
0.217975 1.221385 0.800000 0.630000
1.235773 0.213167 0.800000 0.640000
0.213188 1.235719 0.800000 0.640000
1.250054 0.208541 0.800000 0.650000
0.208565 1.249995 0.800000 0.650000
1.264294 0.204074 0.800000 0.660000
0.204107 1.264211 0.800000 0.660000
1.278443 0.199775 0.800000 0.670000
0.199805 1.278366 0.800000 0.670000
1.286708 0.196188 0.810000 0.450000
0.545320 0.593161 0.810000 0.450000
1.292698 0.194884 0.810000 0.460000
0.523534 0.619766 0.810000 0.460000
1.297146 0.193899 0.810000 0.470000
0.502320 0.646971 0.810000 0.470000
1.300014 0.193234 0.810000 0.480000
0.481545 0.674893 0.810000 0.480000
1.301141 0.192883 0.810000 0.490000
0.461012 0.703608 0.810000 0.490000
1.164820 0.238932 0.810000 0.580000
0.238905 1.164882 0.810000 0.580000
1.178826 0.233565 0.810000 0.590000
0.233540 1.178907 0.810000 0.590000
1.192886 0.228202 0.810000 0.600000
0.228206 1.192862 0.810000 0.600000
1.207060 0.222965 0.810000 0.610000
0.222969 1.207059 0.810000 0.610000
1.221438 0.217960 0.810000 0.620000
0.217977 1.221377 0.810000 0.620000
1.235775 0.213167 0.810000 0.630000
0.213192 1.235709 0.810000 0.630000
1.250056 0.208540 0.810000 0.640000
0.208566 1.249992 0.810000 0.640000
1.264283 0.204078 0.810000 0.650000
0.204102 1.264225 0.810000 0.650000
1.278450 0.199773 0.810000 0.660000
0.199804 1.278369 0.810000 0.660000
1.283368 0.196909 0.820000 0.440000
0.555862 0.580752 0.820000 0.440000
1.290140 0.195444 0.820000 0.450000
0.533382 0.607573 0.820000 0.450000
1.295375 0.194295 0.820000 0.460000
0.511555 0.634964 0.820000 0.460000
1.299002 0.193476 0.820000 0.470000
0.490226 0.663072 0.820000 0.470000
1.300932 0.192985 0.820000 0.480000
0.469239 0.691999 0.820000 0.480000
1.164835 0.238926 0.820000 0.570000
0.238907 1.164875 0.820000 0.570000
1.178855 0.233554 0.820000 0.580000
0.233551 1.178877 0.820000 0.580000
1.192890 0.228201 0.820000 0.590000
0.228202 1.192873 0.820000 0.590000
1.207077 0.222959 0.820000 0.600000
0.222977 1.207038 0.820000 0.600000
1.221432 0.217962 0.820000 0.610000
0.217977 1.221379 0.820000 0.610000
1.235768 0.213169 0.820000 0.620000
0.213188 1.235718 0.820000 0.620000
1.250059 0.208539 0.820000 0.630000
0.208567 1.249990 0.820000 0.630000
1.264288 0.204076 0.820000 0.640000
0.204103 1.264221 0.820000 0.640000
1.278439 0.199776 0.820000 0.650000
0.199805 1.278365 0.820000 0.650000
1.279543 0.197734 0.830000 0.430000
0.566931 0.568029 0.830000 0.430000
1.287182 0.196086 0.830000 0.440000
0.543726 0.595061 0.830000 0.440000
1.293220 0.194772 0.830000 0.450000
0.521231 0.622652 0.830000 0.450000
1.297650 0.193786 0.830000 0.460000
0.499301 0.650948 0.830000 0.460000
1.300368 0.193144 0.830000 0.470000
0.477776 0.680091 0.830000 0.470000
1.301069 0.192845 0.830000 0.480000
0.456150 0.710483 0.830000 0.480000
1.164867 0.238915 0.830000 0.560000
0.238931 1.164812 0.830000 0.560000
1.178842 0.233559 0.830000 0.570000
0.233547 1.178887 0.830000 0.570000
1.192874 0.228206 0.830000 0.580000
0.228201 1.192877 0.830000 0.580000
1.207079 0.222959 0.830000 0.590000
0.222974 1.207045 0.830000 0.590000
1.221442 0.217958 0.830000 0.600000
0.217981 1.221365 0.830000 0.600000
1.235783 0.213163 0.830000 0.610000
0.213191 1.235709 0.830000 0.610000
1.250056 0.208540 0.830000 0.620000
0.208566 1.249991 0.830000 0.620000
1.264287 0.204077 0.830000 0.630000
0.204103 1.264223 0.830000 0.630000
1.278437 0.199777 0.830000 0.640000
0.199803 1.278372 0.830000 0.640000
1.283772 0.196822 0.840000 0.430000
0.554581 0.582238 0.840000 0.430000
1.290681 0.195326 0.840000 0.440000
0.531377 0.610033 0.840000 0.440000
1.295919 0.194175 0.840000 0.450000
0.508804 0.638513 0.840000 0.450000
1.299451 0.193370 0.840000 0.460000
0.486714 0.667828 0.840000 0.460000
1.301095 0.192923 0.840000 0.470000
0.464878 0.698141 0.840000 0.470000
1.178846 0.233557 0.840000 0.560000
0.233549 1.178883 0.840000 0.560000
1.192881 0.228204 0.840000 0.570000
0.228202 1.192872 0.840000 0.570000
1.207074 0.222960 0.840000 0.580000
0.222976 1.207040 0.840000 0.580000
1.221446 0.217956 0.840000 0.590000
0.217979 1.221372 0.840000 0.590000
1.235771 0.213168 0.840000 0.600000
0.213189 1.235716 0.840000 0.600000
1.250060 0.208539 0.840000 0.610000
0.208567 1.249989 0.840000 0.610000
1.264289 0.204076 0.840000 0.620000
0.204104 1.264218 0.840000 0.620000
1.278441 0.199775 0.840000 0.630000
0.199805 1.278364 0.840000 0.630000
1.279865 0.197665 0.850000 0.420000
0.566005 0.569079 0.850000 0.420000
1.287695 0.195974 0.850000 0.430000
0.542041 0.597080 0.850000 0.430000
1.293799 0.194644 0.850000 0.440000
0.518768 0.625761 0.850000 0.440000
1.298162 0.193670 0.850000 0.450000
0.496061 0.655249 0.850000 0.450000
1.300676 0.193062 0.850000 0.460000
0.473702 0.685751 0.850000 0.460000
1.192893 0.228199 0.850000 0.560000
0.228202 1.192873 0.850000 0.560000
1.207074 0.222960 0.850000 0.570000
0.222976 1.207040 0.850000 0.570000
1.221430 0.217962 0.850000 0.580000
0.217977 1.221378 0.850000 0.580000
1.235768 0.213169 0.850000 0.590000
0.213188 1.235719 0.850000 0.590000
1.250061 0.208538 0.850000 0.600000
0.208568 1.249986 0.850000 0.600000
1.264292 0.204075 0.850000 0.610000
0.204104 1.264219 0.850000 0.610000
1.278447 0.199774 0.850000 0.620000
0.199805 1.278366 0.850000 0.620000
1.284219 0.196725 0.860000 0.420000
0.553236 0.583811 0.860000 0.420000
1.291253 0.195201 0.860000 0.430000
0.529241 0.612667 0.860000 0.430000
1.296485 0.194049 0.860000 0.440000
0.505851 0.642348 0.860000 0.440000
1.299876 0.193267 0.860000 0.450000
0.482936 0.672984 0.860000 0.450000
1.301140 0.192876 0.860000 0.460000
0.460198 0.704759 0.860000 0.460000
1.207079 0.222959 0.860000 0.560000
0.222976 1.207041 0.860000 0.560000
1.221435 0.217960 0.860000 0.570000
0.217978 1.221375 0.860000 0.570000
1.235781 0.213164 0.860000 0.580000
0.213190 1.235714 0.860000 0.580000
1.250057 0.208540 0.860000 0.590000
0.208568 1.249988 0.860000 0.590000
1.264293 0.204075 0.860000 0.600000
0.204102 1.264225 0.860000 0.600000
1.278444 0.199775 0.860000 0.610000
0.199804 1.278368 0.860000 0.610000
1.280209 0.197592 0.870000 0.410000
0.565024 0.570197 0.870000 0.410000
1.288229 0.195858 0.870000 0.420000
0.540228 0.599262 0.870000 0.420000
1.294400 0.194511 0.870000 0.430000
0.516135 0.629104 0.870000 0.430000
1.298693 0.193546 0.870000 0.440000
0.492575 0.659910 0.870000 0.440000
1.300938 0.192983 0.870000 0.450000
0.469315 0.691892 0.870000 0.450000
1.221431 0.217962 0.870000 0.560000
0.217973 1.221389 0.870000 0.560000
1.235773 0.213167 0.870000 0.570000
0.213190 1.235714 0.870000 0.570000
1.250053 0.208541 0.870000 0.580000
0.208567 1.249991 0.870000 0.580000
1.264290 0.204075 0.870000 0.590000
0.204105 1.264215 0.870000 0.590000
1.278440 0.199776 0.870000 0.600000
0.199805 1.278365 0.870000 0.600000
1.284682 0.196626 0.880000 0.410000
0.551787 0.585512 0.880000 0.410000
1.291839 0.195073 0.880000 0.420000
0.526924 0.615536 0.880000 0.420000
1.297069 0.193918 0.880000 0.430000
0.502673 0.646506 0.880000 0.430000
1.300277 0.193168 0.880000 0.440000
0.478815 0.678653 0.880000 0.440000
1.235776 0.213166 0.880000 0.560000
0.213190 1.235714 0.880000 0.560000
1.250060 0.208539 0.880000 0.570000
0.208566 1.249994 0.880000 0.570000
1.264286 0.204077 0.880000 0.580000
0.204101 1.264227 0.880000 0.580000
1.278440 0.199776 0.880000 0.590000
0.199802 1.278373 0.880000 0.590000
1.280588 0.197509 0.890000 0.400000
0.563966 0.571405 0.890000 0.400000
1.288772 0.195742 0.890000 0.410000
0.538263 0.601631 0.890000 0.410000
1.295018 0.194374 0.890000 0.420000
0.513285 0.632744 0.890000 0.420000
1.299205 0.193427 0.890000 0.430000
0.488772 0.665036 0.890000 0.430000
1.301095 0.192921 0.890000 0.440000
0.464474 0.698712 0.890000 0.440000
1.250056 0.208540 0.890000 0.560000
0.208565 1.249996 0.890000 0.560000
1.264292 0.204075 0.890000 0.570000
0.204105 1.264217 0.890000 0.570000
1.278444 0.199775 0.890000 0.580000
0.199805 1.278365 0.890000 0.580000
1.285182 0.196518 0.900000 0.400000
0.550216 0.587357 0.900000 0.400000
1.292458 0.194939 0.900000 0.410000
0.524425 0.618650 0.900000 0.410000
1.297664 0.193783 0.900000 0.420000
0.499222 0.651054 0.900000 0.420000
1.300626 0.193076 0.900000 0.430000
0.474318 0.684892 0.900000 0.430000
1.264287 0.204076 0.900000 0.560000
0.204104 1.264218 0.900000 0.560000
1.278447 0.199773 0.900000 0.570000
0.199804 1.278367 0.900000 0.570000
1.280999 0.197419 0.910000 0.390000
0.562841 0.572694 0.910000 0.390000
1.289381 0.195608 0.910000 0.400000
0.536171 0.604172 0.910000 0.400000
1.295643 0.194237 0.910000 0.410000
0.510186 0.636727 0.910000 0.410000
1.299693 0.193311 0.910000 0.420000
0.484643 0.670648 0.910000 0.420000
1.301128 0.192868 0.910000 0.430000
0.459090 0.706328 0.910000 0.430000
1.264290 0.204075 0.910000 0.550000
0.204105 1.264216 0.910000 0.550000
1.278439 0.199776 0.910000 0.560000
0.199804 1.278369 0.910000 0.560000
1.285721 0.196400 0.920000 0.390000
0.548551 0.589326 0.920000 0.390000
1.293112 0.194795 0.920000 0.400000
0.521727 0.622029 0.920000 0.400000
1.298271 0.193643 0.920000 0.410000
0.495466 0.656043 0.920000 0.410000
1.300928 0.192987 0.920000 0.420000
0.469419 0.691746 0.920000 0.420000
1.264294 0.204074 0.920000 0.540000
0.204101 1.264227 0.920000 0.540000
1.278440 0.199776 0.920000 0.550000
0.199805 1.278366 0.920000 0.550000
1.281391 0.197338 0.930000 0.380000
0.561592 0.574121 0.930000 0.380000
1.290017 0.195470 0.930000 0.390000
0.533906 0.606938 0.930000 0.390000
1.296308 0.194088 0.930000 0.400000
0.506830 0.641076 0.930000 0.400000
1.300156 0.193198 0.930000 0.410000
0.480106 0.676871 0.930000 0.410000
1.278439 0.199777 0.930000 0.540000
0.199802 1.278373 0.930000 0.540000
1.286272 0.196283 0.940000 0.380000
0.546712 0.591501 0.940000 0.380000
1.293803 0.194642 0.940000 0.390000
0.518805 0.625717 0.940000 0.390000
1.298850 0.193511 0.940000 0.400000
0.491339 0.661571 0.940000 0.400000
1.301107 0.192914 0.940000 0.410000
0.463881 0.699550 0.940000 0.410000
1.264292 0.204075 0.940000 0.520000
0.204102 1.264224 0.940000 0.520000
1.281854 0.197238 0.950000 0.370000
0.560269 0.575644 0.950000 0.370000
1.290666 0.195330 0.950000 0.380000
0.531406 0.609996 0.950000 0.380000
1.296974 0.193940 0.950000 0.390000
0.503141 0.645889 0.950000 0.390000
1.300572 0.193091 0.950000 0.400000
0.475101 0.683802 0.950000 0.400000
1.278437 0.199777 0.950000 0.520000
0.199801 1.278376 0.950000 0.520000
1.286869 0.196155 0.960000 0.370000
0.544731 0.593859 0.960000 0.370000
1.294499 0.194491 0.960000 0.380000
0.515578 0.629811 0.960000 0.380000
1.299438 0.193373 0.960000 0.390000
0.486806 0.667702 0.960000 0.390000
1.301105 0.192856 0.960000 0.400000
0.457582 0.708460 0.960000 0.400000
1.278441 0.199776 0.960000 0.510000
0.199807 1.278360 0.960000 0.510000
1.282340 0.197133 0.970000 0.360000
0.558820 0.577314 0.970000 0.360000
1.291381 0.195174 0.970000 0.370000
0.528707 0.613326 0.970000 0.370000
1.297683 0.193778 0.970000 0.380000
0.499110 0.651202 0.970000 0.380000
1.300918 0.192990 0.970000 0.390000
0.469527 0.691594 0.970000 0.390000
1.178860 0.233553 0.970000 0.430000
0.233565 1.178840 0.970000 0.430000
1.287525 0.196012 0.980000 0.360000
0.542573 0.596441 0.980000 0.360000
1.295274 0.194317 0.980000 0.370000
0.512070 0.634303 0.980000 0.370000
1.300012 0.193232 0.980000 0.380000
0.481781 0.674569 0.980000 0.380000
1.192893 0.228200 0.980000 0.430000
0.228215 1.192839 0.980000 0.430000
1.207066 0.222963 0.980000 0.440000
0.222970 1.207057 0.980000 0.440000
1.282873 0.197017 0.990000 0.350000
0.557250 0.579132 0.990000 0.350000
1.292157 0.195001 0.990000 0.360000
0.525759 0.616988 0.990000 0.360000
1.298408 0.193610 0.990000 0.370000
0.494641 0.657145 0.990000 0.370000
1.301111 0.192909 0.990000 0.380000
0.463228 0.700472 0.990000 0.380000
1.178869 0.233550 0.990000 0.410000
0.233578 1.178804 0.990000 0.410000
1.207078 0.222959 0.990000 0.430000
0.222974 1.207044 0.990000 0.430000
1.221446 0.217956 0.990000 0.440000
0.217988 1.221346 0.990000 0.440000
1.235772 0.213168 0.990000 0.450000
0.213192 1.235708 0.990000 0.450000
1.250053 0.208541 0.990000 0.460000
0.208566 1.249993 0.990000 0.460000
1.278441 0.199775 0.990000 0.480000
0.199806 1.278362 0.990000 0.480000
1.288245 0.195853 1.000000 0.350000
0.540228 0.599264 1.000000 0.350000
1.296056 0.194144 1.000000 0.360000
0.508176 0.639329 1.000000 0.360000
1.300511 0.193106 1.000000 0.370000
0.476124 0.682382 1.000000 0.370000
1.192898 0.228198 1.000000 0.410000
0.228222 1.192818 1.000000 0.410000
1.207078 0.222959 1.000000 0.420000
0.222983 1.207021 1.000000 0.420000
1.221442 0.217958 1.000000 0.430000
0.217979 1.221371 1.000000 0.430000
1.235771 0.213168 1.000000 0.440000
0.213189 1.235717 1.000000 0.440000
1.250061 0.208538 1.000000 0.450000
0.208568 1.249986 1.000000 0.450000
1.264281 0.204079 1.000000 0.460000
0.204093 1.264250 1.000000 0.460000
1.278449 0.199773 1.000000 0.470000
0.199806 1.278364 1.000000 0.470000
1.283471 0.196886 1.010000 0.340000
0.555558 0.581105 1.010000 0.340000
1.292956 0.194827 1.010000 0.350000
0.522485 0.621082 1.010000 0.350000
1.299083 0.193457 1.010000 0.360000
0.489617 0.663893 1.010000 0.360000
1.301085 0.192837 1.010000 0.370000
0.456030 0.710652 1.010000 0.370000
1.192907 0.228195 1.010000 0.400000
0.228233 1.192790 1.010000 0.400000
1.207081 0.222958 1.010000 0.410000
0.222986 1.207013 1.010000 0.410000
1.221450 0.217955 1.010000 0.420000
0.217989 1.221345 1.010000 0.420000
1.235774 0.213167 1.010000 0.430000
0.213192 1.235706 1.010000 0.430000
1.250059 0.208539 1.010000 0.440000
0.208568 1.249986 1.010000 0.440000
1.264290 0.204075 1.010000 0.450000
0.204104 1.264218 1.010000 0.450000
1.278438 0.199777 1.010000 0.460000
0.199802 1.278373 1.010000 0.460000
1.288964 0.195701 1.020000 0.340000
0.537584 0.602454 1.020000 0.340000
1.296878 0.193959 1.020000 0.350000
0.503838 0.644980 1.020000 0.350000
1.300916 0.192990 1.020000 0.360000
0.469692 0.691362 1.020000 0.360000
1.192886 0.228202 1.020000 0.390000
0.228211 1.192849 1.020000 0.390000
1.207089 0.222955 1.020000 0.400000
0.222993 1.206993 1.020000 0.400000
1.221445 0.217957 1.020000 0.410000
0.217990 1.221340 1.020000 0.410000
1.235780 0.213164 1.020000 0.420000
0.213188 1.235717 1.020000 0.420000
1.250050 0.208543 1.020000 0.430000
0.208559 1.250013 1.020000 0.430000
1.264292 0.204075 1.020000 0.440000
0.204104 1.264219 1.020000 0.440000
1.278447 0.199773 1.020000 0.450000
0.199812 1.278345 1.020000 0.450000
1.284109 0.196747 1.030000 0.330000
0.553675 0.583304 1.030000 0.330000
1.293794 0.194644 1.030000 0.340000
0.518828 0.625685 1.030000 0.340000
1.299780 0.193289 1.030000 0.350000
0.483975 0.671563 1.030000 0.350000
1.192880 0.228204 1.030000 0.380000
0.228201 1.192876 1.030000 0.380000
1.207075 0.222960 1.030000 0.390000
0.222978 1.207034 1.030000 0.390000
1.221437 0.217960 1.030000 0.400000
0.217979 1.221372 1.030000 0.400000
1.235775 0.213166 1.030000 0.410000
0.213195 1.235700 1.030000 0.410000
1.250054 0.208541 1.030000 0.420000
0.208561 1.250006 1.030000 0.420000
1.264285 0.204077 1.030000 0.430000
0.204096 1.264243 1.030000 0.430000
1.278446 0.199774 1.030000 0.440000
0.199806 1.278361 1.030000 0.440000
1.289800 0.195516 1.040000 0.330000
0.534712 0.605951 1.040000 0.330000
1.297722 0.193768 1.040000 0.340000
0.498961 0.651400 1.040000 0.340000
1.301133 0.192895 1.040000 0.350000
0.462256 0.701848 1.040000 0.350000
1.207077 0.222959 1.040000 0.380000
0.222973 1.207049 1.040000 0.380000
1.221444 0.217957 1.040000 0.390000
0.217978 1.221375 1.040000 0.390000
1.235773 0.213167 1.040000 0.400000
0.213188 1.235717 1.040000 0.400000
1.250054 0.208541 1.040000 0.410000
0.208565 1.249997 1.040000 0.410000
1.264293 0.204074 1.040000 0.420000
0.204107 1.264211 1.040000 0.420000
1.278439 0.199776 1.040000 0.430000
0.199803 1.278372 1.040000 0.430000
1.284781 0.196602 1.050000 0.320000
0.551564 0.585777 1.050000 0.320000
1.294713 0.194441 1.050000 0.330000
0.514769 0.630849 1.050000 0.330000
1.300400 0.193135 1.050000 0.340000
0.477487 0.680490 1.050000 0.340000
1.207071 0.222962 1.050000 0.370000
0.222973 1.207048 1.050000 0.370000
1.221440 0.217958 1.050000 0.380000
0.217980 1.221368 1.050000 0.380000
1.235781 0.213164 1.050000 0.390000
0.213196 1.235697 1.050000 0.390000
1.250056 0.208540 1.050000 0.400000
0.208567 1.249989 1.050000 0.400000
1.264286 0.204077 1.050000 0.410000
0.204101 1.264229 1.050000 0.410000
1.278440 0.199776 1.050000 0.420000
0.199805 1.278366 1.050000 0.420000
1.290674 0.195326 1.060000 0.320000
0.531482 0.609908 1.060000 0.320000
1.298575 0.193574 1.060000 0.330000
0.493408 0.658795 1.060000 0.330000
1.207075 0.222960 1.060000 0.360000
0.222977 1.207039 1.060000 0.360000
1.221441 0.217958 1.060000 0.370000
0.217981 1.221366 1.060000 0.370000
1.235782 0.213164 1.060000 0.380000
0.213192 1.235707 1.060000 0.380000
1.250062 0.208538 1.060000 0.390000
0.208564 1.249998 1.060000 0.390000
1.264290 0.204075 1.060000 0.400000
0.204105 1.264217 1.060000 0.400000
1.278437 0.199778 1.060000 0.410000
0.199798 1.278385 1.060000 0.410000
1.285518 0.196444 1.070000 0.310000
0.549218 0.588540 1.070000 0.310000
1.295651 0.194236 1.070000 0.320000
0.510113 0.636820 1.070000 0.320000
1.300904 0.192994 1.070000 0.330000
0.469918 0.691045 1.070000 0.330000
1.207075 0.222960 1.070000 0.350000
0.222971 1.207054 1.070000 0.350000
1.221436 0.217960 1.070000 0.360000
0.217978 1.221374 1.070000 0.360000
1.235774 0.213167 1.070000 0.370000
0.213190 1.235713 1.070000 0.370000
1.250055 0.208541 1.070000 0.380000
0.208562 1.250003 1.070000 0.380000
1.264287 0.204077 1.070000 0.390000
0.204103 1.264223 1.070000 0.390000
1.278440 0.199776 1.070000 0.400000
0.199805 1.278365 1.070000 0.400000
1.291622 0.195119 1.080000 0.310000
0.527827 0.614418 1.080000 0.310000
1.299432 0.193373 1.080000 0.320000
0.486998 0.667444 1.080000 0.320000
1.221436 0.217960 1.080000 0.350000
0.217977 1.221378 1.080000 0.350000
1.235774 0.213167 1.080000 0.360000
0.213193 1.235704 1.080000 0.360000
1.250059 0.208539 1.080000 0.370000
0.208564 1.249999 1.080000 0.370000
1.264290 0.204075 1.080000 0.380000
0.204110 1.264203 1.080000 0.380000
1.278441 0.199776 1.080000 0.390000
0.199800 1.278379 1.080000 0.390000
1.286332 0.196269 1.090000 0.300000
0.546588 0.591654 1.090000 0.300000
1.296694 0.194000 1.090000 0.310000
0.504862 0.643640 1.090000 0.310000
1.301149 0.192879 1.090000 0.320000
0.460845 0.703845 1.090000 0.320000
1.221436 0.217960 1.090000 0.340000
0.217974 1.221386 1.090000 0.340000
1.235777 0.213166 1.090000 0.350000
0.213188 1.235719 1.090000 0.350000
1.250060 0.208539 1.090000 0.360000
0.208562 1.250005 1.090000 0.360000
1.264288 0.204076 1.090000 0.370000
0.204105 1.264216 1.090000 0.370000
1.278444 0.199775 1.090000 0.380000
0.199803 1.278372 1.090000 0.380000
1.279691 0.197700 1.100000 0.290000
0.566566 0.568445 1.100000 0.290000
1.292666 0.194890 1.100000 0.300000
0.523686 0.619575 1.100000 0.300000
1.300234 0.193177 1.100000 0.310000
0.479432 0.677803 1.100000 0.310000
1.221439 0.217959 1.100000 0.330000
0.217978 1.221374 1.100000 0.330000
1.235770 0.213168 1.100000 0.340000
0.213188 1.235718 1.100000 0.340000
1.250055 0.208540 1.100000 0.350000
0.208565 1.249997 1.100000 0.350000
1.264290 0.204076 1.100000 0.360000
0.204099 1.264233 1.100000 0.360000
1.278442 0.199775 1.100000 0.370000
0.199806 1.278364 1.100000 0.370000
1.287235 0.196073 1.110000 0.290000
0.543599 0.595214 1.110000 0.290000
1.297756 0.193761 1.110000 0.300000
0.498703 0.651741 1.110000 0.300000
1.221444 0.217957 1.110000 0.320000
0.218005 1.221297 1.110000 0.320000
1.235771 0.213168 1.110000 0.330000
0.213189 1.235717 1.110000 0.330000
1.250058 0.208539 1.110000 0.340000
0.208568 1.249987 1.110000 0.340000
1.264289 0.204076 1.110000 0.350000
0.204106 1.264213 1.110000 0.350000
1.278439 0.199777 1.110000 0.360000
0.199804 1.278368 1.110000 0.360000
1.280304 0.197569 1.120000 0.280000
0.564819 0.570433 1.120000 0.280000
1.293775 0.194649 1.120000 0.290000
0.518868 0.625634 1.120000 0.290000
1.300880 0.193002 1.120000 0.300000
0.470243 0.690590 1.120000 0.300000
1.235769 0.213169 1.120000 0.320000
0.213185 1.235727 1.120000 0.320000
1.250056 0.208540 1.120000 0.330000
0.208568 1.249987 1.120000 0.330000
1.264293 0.204074 1.120000 0.340000
0.204107 1.264209 1.120000 0.340000
1.278440 0.199776 1.120000 0.350000
0.199802 1.278373 1.120000 0.350000
1.288229 0.195860 1.130000 0.280000
0.540164 0.599336 1.130000 0.280000
1.298859 0.193508 1.130000 0.290000
0.491392 0.661501 1.130000 0.290000
1.235771 0.213168 1.130000 0.310000
0.213190 1.235714 1.130000 0.310000
1.250063 0.208537 1.130000 0.320000
0.208567 1.249989 1.130000 0.320000
1.264290 0.204075 1.130000 0.330000
0.204107 1.264210 1.130000 0.330000
1.278442 0.199775 1.130000 0.340000
0.199805 1.278365 1.130000 0.340000
1.281008 0.197417 1.140000 0.270000
0.562845 0.572692 1.140000 0.270000
1.295016 0.194375 1.140000 0.280000
0.513275 0.632756 1.140000 0.280000
1.301119 0.192864 1.140000 0.290000
0.458522 0.707131 1.140000 0.290000
1.235772 0.213168 1.140000 0.300000
0.213192 1.235707 1.140000 0.300000
1.250062 0.208538 1.140000 0.310000
0.208566 1.249995 1.140000 0.310000
1.264288 0.204076 1.140000 0.320000
0.204107 1.264211 1.140000 0.320000
1.278438 0.199776 1.140000 0.330000
0.199803 1.278371 1.140000 0.330000
1.289377 0.195608 1.150000 0.270000
0.536250 0.604079 1.150000 0.270000
1.299942 0.193250 1.150000 0.280000
0.482413 0.673700 1.150000 0.280000
1.250056 0.208540 1.150000 0.300000
0.208566 1.249994 1.150000 0.300000
1.264288 0.204077 1.150000 0.310000
0.204099 1.264234 1.150000 0.310000
1.278442 0.199775 1.150000 0.320000
0.199807 1.278359 1.150000 0.320000
1.281768 0.197257 1.160000 0.260000
0.560485 0.575393 1.160000 0.260000
1.296356 0.194078 1.160000 0.270000
0.506529 0.641466 1.160000 0.270000
1.250059 0.208539 1.160000 0.290000
0.208570 1.249981 1.160000 0.290000
1.264290 0.204076 1.160000 0.300000
0.204104 1.264219 1.160000 0.300000
1.278445 0.199773 1.160000 0.310000
0.199811 1.278348 1.160000 0.310000
1.290632 0.195337 1.170000 0.260000
0.531551 0.609819 1.170000 0.260000
1.300856 0.193009 1.170000 0.270000
0.470804 0.689803 1.170000 0.270000
1.250061 0.208538 1.170000 0.280000
0.208570 1.249982 1.170000 0.280000
1.264292 0.204075 1.170000 0.290000
0.204102 1.264225 1.170000 0.290000
1.278449 0.199773 1.170000 0.300000
0.199800 1.278381 1.170000 0.300000
1.282705 0.197051 1.180000 0.250000
0.557897 0.578392 1.180000 0.250000
1.297821 0.193748 1.180000 0.260000
0.498226 0.652370 1.180000 0.260000
1.264288 0.204076 1.180000 0.280000
0.204102 1.264223 1.180000 0.280000
1.278444 0.199775 1.180000 0.290000
0.199805 1.278367 1.180000 0.290000
1.292099 0.195015 1.190000 0.250000
0.525994 0.616698 1.190000 0.250000
1.264293 0.204074 1.190000 0.270000
0.204110 1.264201 1.190000 0.270000
1.278439 0.199776 1.190000 0.280000
0.199807 1.278358 1.190000 0.280000
1.299374 0.193386 1.200000 0.250000
0.487473 0.666799 1.200000 0.250000
1.264289 0.204076 1.200000 0.260000
0.204097 1.264240 1.200000 0.260000
1.278443 0.199775 1.200000 0.270000
0.199807 1.278360 1.200000 0.270000
1.278441 0.199775 1.210000 0.260000
0.199803 1.278371 1.210000 0.260000
1.278441 0.199776 1.220000 0.250000
0.199798 1.278387 1.220000 0.250000
